67827792
77867902
42968997
28699016
48035815
76961064
88308280
50689690
31194727
21578177
66925297
86852005
38041538
68595746
38480098
69083301
68099986
65171579
32399912
80184141
66379306
78992966
54724189
70799015
25129704
44575602
20255225
33820087
64681739
27673750
24824392
80463541
83623955
55790866
42462406
23260899
84799492
50041682
53001830
61642112
71583780
67382431
17205260
20915664
48402107
27217680
54641189
43363041
41009683
74135184
91434481
71440714
45641944
54824105
49237253
30761379
27578733
10592173
57001775
19058621
82240034
10327264
63187408
78616471
88804473
19212660
35784423
69604906
37557503
15048016
71890628
32938121
15869872
27477909
41570026
58162264
17251966
53539648
10595483
16996500
72238857
52963691
31491720
96821748
35308824
25172677
37035967
78491716
41010082
33848686
33346056
37941311
71141223
56218219
44680988
15799729
93949465
30832372
13269139
65213739
58351702
20533642
47587348
71331394
71294157
10042955
20045265
66260936
79610752
48782288
96635707
46805850
86360225
42971716
11796543
47412954
21908380
42596858
65162891
22497415
71832890
70422063
73957943
36519009
42175862
96729809
34459302
76604459
48436194
73200744
29458523
97400274
13705161
22917515
49925461
26281006
42956448
25228707
13422607
79586940
53673485
28419974
15682740
55673404
87531902
95491982
78163057
81974384
81044425
92575596
18184757
46916598
94183750
92724432
38741990
12963615
44218392
41469846
36912301
16628578
44407268
20172121
72771523
74689845
14315519
41710746
68472061
52326457
44037681
20095054
57566895
22598103
94544813
76176260
14043997
50947850
10387572
68461739
10287708
89033299
78832657
98115346
74361073
47844872
10775308
29919418
52941995
47918524
36102658
50406007
49421709
97841865
80230848
87904688
38929673
83231597
14577633
93796308
22242792
59649374
82083497
30574449
13766561
37007246
62983322
27907937
32301857
82656333
74720367
94282676
17814968
56801025
43710219
41385168
32908340
65427404
96622841
51810882
34568035
53649678
29193718
20168055
77232140
93921214
45119714
47664131
55637638
44053807
92437780
59671990
79225076
90435517
47431190
11039037
38555327
60583584
40129221
25031970
83761239
50902274
95348579
21571267
70302747
78718860
35371558
63613111
69024003
84680844
58664027
19453145
43114938
12673501
15746525
60101645
71250434
18003950
81706630
45703468
21859492
42099231
16891640
91089840
58032033
88196454
24071946
50157248
92485590
80218537
91384954
48561764
29631164
59298098
50941669
73746837
17570789
17339678
70916840
83292433
75855391
38437890
78840756
18153445
63594995
46896130
53666117
67475925
78640648
52125251
78754823
80314119
42300942
14526324
44040711
91090309
37222478
51345307
34044510
82740902
99667405
29047371
22665038
20973229
88697632
38668761
99403319
20371867
97862410
91852509
61967222
43846416
73599108
32432324
80310847
58925869
80877570
19732616
10578693
98305182
75769038
72886937
99674886
22835500
11090698
67957077
72192658
39257610
44630728
82970678
40706089
25527869
67581850
38357790
55814014
90174635
14600030
19996667
98616486
55240241
78837125
52594087
55351245
94586977
53411049
18718971
89165604
79361118
27578815
71756956
98831487
12414596
22687247
43407033
15469161
55647267
43291223
83775719
56529595
78071958
10665142
65281666
81306783
52027358
43364206
95156690
81366286
80622623
57299457
98268616
21594253
20783303
42915954
19804096
25411001
67859392
25044687
48449786
78133953
90525637
62208364
62418284
15381434
62518726
55814275
24071996
54050765
80752673
11259994
24087166
54474788
55036036
83797978
53920227
91293140
94584775
77525941
27284015
22888894
53536465
78877945
62362568
50893330
97032151
90257376
30161532
62293128
57979261
16951763
46000151
62307231
40762887
22225309
60775910
67752937
80757514
63038362
42342931
95772246
60447606
90976640
69798446
12252641
66288906
89033886
75859717
23022931
55522164
42969914
38598814
90082178
84398143
74364888
70341180
20459125
39397552
96798903
55155836
95214405
79710143
97986916
27406971
81018387
69586548
38509082
86194956
48283988
77861712
80215270
24154814
82762295
38439350
45762241
14587663
60510542
44333398
97427178
29686492
80426431
47628219
55836355
19688010
87825450
43654737
92990041
14901878
50197568
71309840
87799722
94500208
18582881
17388997
37049704
31352586
65436247
33706613
23615473
35611702
90606538
54359690
26180215
40889626
51329450
50461456
28018260
84156665
12138160
60612321
86435806
12394598
94639961
32192236
57988531
61203084
59991908
40557006
68116450
41083409
43457303
30849698
97898332
49354480
78190050
68056894
90026242
70329715
23150648
26713298
60054334
83800257
13909743
47425164
20344516
11536969
16137733
12139295
56824280
31345008
17615786
68118122
75556532
99600578
85550318
86930169
65799304
46115593
89384196
17256870
49251593
87965156
59097811
28312321
12939446
80193911
79665037
87985037
52010081
58114708
47806851
90045205
30203284
84080603
22297520
58172245
44745064
34287967
87016291
91008407
71757931
74440587
24504351
83054811
18213234
13265121
79941418
37088262
62129808
84054672
47985224
64600981
51933852
91429816
81211745
64876831
23500055
18445138
93940058
47556022
71657267
51769846
19718258
40709486
82760023
67294380
56186671
82950267
53669332
15327726
74231185
11247782
64466694
84252350
79231655
56760357
52358984
19264492
67272205
52445216
73132726
43411850
50651777
92001706
43666513
42482296
91885641
94898704
39304874
88446355
81815064
98407322
97898165
42292683
29161411
96909221
59400286
28470952
95365826
31025763
15459384
65478408
21660816
78315256
38247905
18911379
42963019
37843161
54888542
82673779
86223226
92189406
22679894
25536475
70698948
74383827
51426730
85429963
63082132
61131632
86968217
59308112
25262932
30316222
54120135
68774360
52510202
59155341
21480299
78485842
73181641
91194652
74932312
45626102
59880374
13250456
46020348
17738644
31635567
73085808
38977159
66466335
92665896
64708233
98941976
12995024
29393751
32813397
20567870
22663968
19944017
55068761
26192816
92528186
41165807
48212796
18570963
33238920
90628781
92933963
48470151
51868078
57081616
42090587
19737080
18853830
97490020
31984946
39085112
61781050
30534373
70843809
20283114
24090522
64436894
62062979
25566053
61231157
81634470
51964860
78603759
52993707
57035839
77198584
45453540
77793778
50327876
46341864
28669740
65727844
48601712
66288330
21381621
84915548
67984251
72318817
54987734
76345715
60683181
28544382
91790835
90412501
48082707
95845471
32611983
88455573
96380655
59301114
13001339
36709462
20659530
69329389
10398478
67059577
44853332
47482479
84069254
86747162
91310023
66959431
76189837
20569871
69086247
11800428
80216241
90977243
55100290
81544105
36402333
57869016
55456450
16105274
92045652
37942744
62048895
87946011
52239272
30315000
78898372
79193477
56613859
77562651
40677187
31878397
26537719
71167848
96444768
93276214
94298959
75246419
43262734
96151551
51868549
11304424
29639791
71538075
39998338
78598127
18231438
31056464
79409278
25836291
61906437
27367515
49461701
73141710
59312491
23596578
32699711
91370352
93342386
44999224
46913656
70962503
33988750
32017668
24574955
89267539
54949026
38897277
15047652
90323146
74049656
55707470
45620263
28360595
51174396
62386365
26151173
15245173
10840407
47248616
93327116
58699980
40157779
99519557
59902852
81868363
32656928
77747365
17545588
42350483
55116213
18653600
29451871
88314927
86246978
22973040
81849266
20251321
55217110
62352320
97929984
34730525
49544315
59413193
45076083
69141204
93099328
62423866
62285236
77563140
32092642
63432457
36683057
33013597
79692210
24945907
58405274
10775265
63527255
85544542
18606349
79810918
14152373
98690798
99991925
53792122
81725380
94092035
42852525
83840370
55836341
42210711
63999833
52800031
37356451
86917845
71847541
53310570
22494763
24998897
75743231
14366694
25234164
70143366
84676114
83322223
16021906
97954523
64659530
61144843
72664218
11644403
59725161
13256747
24618331
18780343
37925687
87794485
10812108
22604364
44877499
61496558
14336139
76679655
93504661
41485290
42059644
13190569
34931951
30080032
27922664
46855808
20675920
43883454
66997706
19488295
57824504
80439980
94140151
46255201
44321996
26342219
63357162
84065215
70728715
99325410
83966628
21869729
68840326
57217694
93508973
53953459
22315870
97588956
17039100
76585214
14694601
31883420
55686129
83891639
74307157
34546479
94437878
42470494
78263417
44429450
69316809
14604505
34859536
99451515
44446915
12883864
95135369
22463656
38206635
42095456
79584793
14689727
62477803
74122334
68378528
53447870
66537418
60683017
32585470
55603746
38212600
74281353
70076150
43469788
21769549
70502204
91429119
76124795
54257875
82604220
31392109
67593785
97253039
94382956
24664369
11047692
98697192
88970586
45631238
79263699
91739329
99814220
71083726
94855575
12426817
10979961
83361840
53868054
58486521
88469405
97438493
70426241
17184110
93875461
62317727
79446091
79234234
41693984
59834299
57323547
66238360
56833025
40493918
81181419
94793600
95763679
36162608
77464610
54294330
30250820
68396025
28438240
54861242
53909687
35386506
62535928
59340703
96421925
51907985
40300096
75204630
72732826
37000047
84807646
15962004
94321317
82338228
53070496
34283214
90876587
85217287
62358340
20466671
63083318
86170243
74978607
70124040
57174939
11230409
58261269
68806456
74059762
94815968
13582355
43916005
87603373
39772581
91439529
17721997
85892590
91526028
42077504
15308869
26886786
35264354
51724977
73374209
61805284
83595555
74907812
90173451
98701325
99334825
50615196
29344046
30731275
44665798
61829101
58732278
97373992
60648933
59319605
76112303
70271665
72175569
17139446
82474027
58406189
62869592
25715499
25974172
68169776
84173746
13787206
58516452
80077131
66280917
33681599
75060631
33231789
15641036
61121755
70842370
73594366
33930789
26210390
40055500
45364707
75571882
34116319
82017869
78264861
24677376
95025943
40712352
42321339
45402861
65223110
30523844
22559352
41129557
10828998
32795828
69677148
71078865
98655449
85931080
50844681
94427844
89624197
11772956
38597544
87170294
39722000
74309684
42270996
34793200
74162984
97121718
11013406
91422560
71245426
50622274
30453177
27957081
35189604
43637843
45275484
40523365
20839167
35458825
38548010
42203182
98388412
69233705
50933818
37102551
42413624
67246958
54315323
96615733
92724900
82460043
60106226
64611460
15873456
84293211
14977022
90459181
74588787
78928795
40331805
37799627
69856196
41339953
71184616
88981609
68224883
27219422
54001926
58733419
66930777
93016919
88857331
50176827
24796863
62542970
86682995
11137298
78846031
36627430
86812605
36816890
57017779
90497927
21913657
87480260
63663880
67782929
85399278
13098860
34621297
76672310
45241264
92255015
14966682
52341904
66122507
32596255
15625826
23193218
72087586
78901864
89253721
82705269
54227135
92580846
60764436
76955583
25530806
75948403
32004725
23603688
85956288
82999239
45975094
42060962
50114258
20861084
73484139
83953899
15584177
17215501
88508977
94001767
86393200
74749187
12056760
44526960
82314937
22170489
26410502
32401505
29537038
84039401
64040491
26801766
35652707
94524406
16865856
25400772
55672343
75803976
53399012
55100672
66368318
36620846
66999467
42341375
78271186
15734834
31729194
88575911
62707224
36879991
36584674
77127997
11646099
40796828
61598160
27206989
83479201
13906673
70437249
35858356
31882085
21288967
43450738
32990439
38381504
93043131
68398914
22698495
92978757
92342217
74204365
74421056
84003000
81969946
64520432
47029754
17293669
63464249
82632300
32126852
15659110
38811067
28651003
84144230
17799683
55352173
24696916
57248041
42986086
18085919
19133030
24486089
24275821
64045772
15675246
23854190
23882711
37986852
54975435
64782844
82663161
56818381
74983728
29411295
49374645
30945340
48512746
35141736
21582946
88008741
52200803
49755253
84204127
77799522
96391932
47059147
31049903
43117695
47188955
97619955
99898338
49215468
81416764
14044240
67474310
87518921
22120729
66692691
91401170
75956332
11311279
60007962
90460498
78166512
20899944
35079025
22442739
18616537
55057477
31554745
84426174
29897020
35300357
64454115
99115420
67661738
65609336
90342548
22864412
88527548
34736986
35379998
82137487
34405537
64950195
87453999
80149844
39330333
58919758
41236337
28265731
66394936
48784654
37707609
24692171
86049094
72039354
46509219
70177198
58665203
22139293
17867256
49920529
12535841
16812458
26313279
90029723
58931059
22173007
58445537
67720818
70506726
88402737
51363044
41275702
13986013
34066866
19174085
50380339
10179879
57495873
99118896
23873849
52379635
33923769
89246344
78589401
71738365
37025949
37068388
27475635
11324804
66245158
91284025
35033356
36624758
75529648
29118305
32368750
61342035
48812336
59925274
81820157
41558287
14831073
72645085
40520031
71344622
75746350
57606231
11046275
80595764
28021101
84477195
78125694
60022620
74001183
35936974
75411707
92092998
41786446
11388086
71561040
29881225
20080928
44442722
15974188
42576859
78254375
12632645
62432106
81419476
83105155
69237758
97790717
35299514
86210577
72086228
15529192
41215565
12027220
11701444
13613243
71093575
38941970
22910918
38929070
88629911
29301191
74666959
17973245
75015047
80612064
95161815
86337640
87867477
25904813
22219303
90164204
57111374
37380755
44400673
55909597
38634531
29954747
29726190
14765290
95613712
11816354
60912058
46763595
53426696
66139149
47481025
16791304
39999610
97630764
94470062
94938804
95629380
87391972
33597072
11245182
78789520
19389383
96702464
62316433
65208434
94040336
53410021
92119918
95786065
41310604
64036969
31488131
33082023
45994506
22386802
65978073
24642590
43178384
89093781
69627799
63122329
64049392
72905075
18009535
40854159
39061419
96948675
18040033
77832740
30471016
81995704
63123812
28258442
29801584
57649478
31010428
54634271
11007256
33092716
99014320
55342225
25545685
32478565
78196776
62764552
38044448
44575335
62715531
92879898
51894149
42660271
76493088
82339217
37895396
28694288
92960703
32556181
24185735
55033988
80020334
27206605
60116828
88046954
10567186
52930104
99890628
42050211
48200232
64312147
38564048
60110478
35778309
14266951
17370901
24389816
26989710
72101675
90306394
16131172
88578234
78777965
18284924
65276495
19363163
11450182
17067354
72830957
28347033
84087361
35875643
59938589
99450288
78768227
73770399
77295697
76429887
27934858
40423862
13389689
67031169
69224247
28419814
13785456
59857461
72263673
80528197
59914428
33350456
11498376
13920730
67965166
66086901
59343046
19085244
95001965
85691097
57803765
47499778
77635263
91240294
79164822
19742211
92252246
95892350
65269785
56687273
73875226
20756906
43853567
79060585
46343718
23989501
27077431
26589522
85602934
82828037
75583546
74527536
79285817
98709281
66726851
25944735
88552481
86050157
75851605
56822777
26594768
99094035
24388290
32178817
17706775
36554745
92089677
21053835
31621549
21360563
69499814
60945845
38216060
10597171
58580695
38218133
33160176
77530510
26950308
66432692
22825195
12932937
73289012
21359887
67326288
43622112
30171292
93837601
32008486
94063105
41401925
53338503
79308156
59153455
81265599
10281137
91689146
47870647
16223389
64295870
23659513
17321873
93720714
42485513
73943653
58333350
62085513
67408193
33541236
29282894
14103661
84852442
63173255
46408592
58782264
73725827
77566543
39375803
62200057
23137447
38527355
51691090
43894708
50459323
12934272
59215286
37417440
46291337
63119035
10155469
52331337
15105221
90693567
49338889
69957045
93536906
46264132
65029377
79498413
97720614
74368175
50094042
87389263
16219463
10030390
76841526
34027432
88946029
61379055
51315132
71608229
55190947
59740930
51923848
51906929
10796014
75488646
23763311
57372846
76875090
30664021
76416461
81336222
76328828
85166824
45107372
28014566
13886301
87060698
23446610
73817408
80132877
54657388
53091617
55832964
87517960
14819182
95716696
84925654
38531179
68413454
54167603
56448590
41446447
24153645
73430853
71811297
58917210
66723404
68825534
66755539
22649324
52570552
49393488
44988203
37799071
84078228
73877962
85072922
63495071
58220352
11582560
21984206
92188366
86762602
10999168
57577886
84341389
67108672
10563211
50229850
25278121
10189304
33630459
34883560
69742278
21791509
53932881
86664125
52181393
29887951
18299046
46510454
42894773
38436791
89706042
71002059
66513022
37583473
26646941
11110690
27765920
84551341
37950401
52973971
55303745
50849951
94254437
70541722
79328321
81446762
25947491
26042695
47273881
67084478
89290420
69699560
41701640
84020502
33639119
57817792
63317888
23277943
43446421
14783590
20070796
19391126
98672957
65709205
61331296
12623300
83614878
16916700
72320909
42120048
70355777
21506534
51700982
51982114
12122459
64751719
23339947
21264421
14247637
52340489
42549131
94381987
60407862
25052863
95294911
25207042
38330548
93166799
21039665
84779196
86754385
87307070
23078367
97615958
86581195
39805398
74049268
92519757
56699758
27284867
74033951
28679328
84691932
67786534
21077010
72329832
70990027
51779368
22169511
36988269
15924639
53765175
51053753
66448013
23084338
97097455
40794270
35238428
69887777
21453118
36097013
73692104
77778404
11677683
44445599
95277243
93185329
71508880
33198883
63564841
38253957
92107871
42077334
67859790
44669017
51187543
36773310
41465310
56523701
96145329
83582988
94396226
42491199
50740556
70290651
89923102
49763663
36690068
87346516
45590132
76251070
21981372
94558888
58062085
90541566
97447012
44017250
37154167
68058567
22098772
81351664
55985322
44158687
60863960
16175394
92157599
49008636
88960531
90613461
25375476
18338903
30264185
30796905
36900945
27004049
66791999
99041655
74151180
93486381
64865107
97436732
89471825
30944731
86411414
79911961
17587684
66476284
44398103
61346960
72978413
11115425
83539577
44005343
40305147
84174175
68946499
25365811
33674932
76917807
90565697
53101788
45270565
13591398
82786969
51120245
30305307
76166807
33608708
55949712
15741751
91879126
39912407
92262996
52505944
93818804
70457985
59762685
56534715
19956391
39431639
50142300
66582763
65661990
50422435
56006816
94019010
83846819
49991220
55217769
24041566
47273729
22837519
62629511
32547339
56900809
98872929
29455674
44643272
21364190
44392410
97750697
50620698
77797720
72094974
62237768
78756769
25092784
95637389
99547228
66548984
60344623
51143453
21386100
66121608
12390341
38760382
13197121
54274495
72325100
65306249
97546245
85656179
41732100
23830459
79366472
92518988
91447677
61375535
59743615
68557026
98390441
35861017
52894399
36103602
88657181
72123945
89956255
88467995
27426138
39177261
16219330
62312041
41810751
19921222
98222624
21513262
39214407
80698759
87379675
32776628
44057822
82430992
32365479
91814531
59018266
60699263
44029315
55804688
78567638
92390177
10773899
44460179
96320369
24328618
34949171
30873952
27704778
59760066
27979641
89864159
35934290
23074408
65814455
35615313
55558117
13340743
99821598
20502742
72404229
58316298
90999484
14525188
21380233
33121661
98832497
85088320
30556602
42218607
82096252
14127371
95491656
12224574
13186692
80014344
94910590
40260809
79815102
92469159
18489017
89659967
97511229
22366099
56963717
52141798
77472658
35154023
49782116
32241904
86144831
81215947
61146037
76151991
87024298
14658419
11857316
92534948
93066888
80119958
61365128
10307602
33346954
70799810
62838481
40665900
10217883
74380970
57023047
46000680
19724905
12712481
34889376
58482614
57276050
35642145
71569910
80348551
34101924
99602965
40594928
38967071
62499941
65797930
27488558
36267756
10201497
46260549
10946907
54689576
45560395
56504762
16491148
88522015
69681290
10655303
10699537
34874000
70807248
97853110
32363117
16189011
74968785
69355163
94734365
93049968
24085158
74814931
40411949
78300730
20529299
37023074
56267873
57767895
22558155
80853428
11307978
93561647
67349450
63308524
36421204
87361027
26150761
28817586
59627736
68346515
89426414
50491658
53866984
85873336
87517754
89280083
85663220
35488064
18077993
70617564
52668739
61539235
98330280
86121728
43758340
29639781
33603811
87132144
35263989
18905442
93667551
89095518
72920029
46885176
49247209
48541651
77915038
67473206
68451928
65721510
98026236
93869198
27022626
12795832
14730440
40987199
39820425
54833719
30964970
47140595
23908003
84167824
51238881
87364560
65895398
56326104
81474876
62748218
91406007
46883212
85710559
58435683
39992828
27381367
52886679
78321062
77496483
43698151
66102219
78789402
36994578
70103738
47222505
36448844
46211737
67651910
98718804
90458278
51232408
48070354
86288963
12067100
58035343
23864769
90834047
65011373
42782764
41346197
65839661
73531548
11948215
73286871
36043093
50811361
84098683
10602439
11863175
81046832
10270392
57624975
36586218
72432335
78904271
88451717
32032293
89680898
54194523
94735102
70638281
73554606
26220140
69044489
90005399
31338758
39384999
86367517
75550992
10564236
60131497
40961430
54965505
33629842
84092588
54357568
61521767
85709225
37802149
40661169
93809434
20252146
23971735
26246830
49001748
76347667
73076742
44381078
64056294
76812411
13371203
28243875
40951627
83500773
99486659
72745944
41110055
24699870
80416748
41156941
84661271
55794874
83863988
13160180
21178464
71798308
98258996
51400008
46658157
43602102
47910813
99614746
45655606
94709806
53108829
40661745
85186070
98829112
27115102
16561825
61315587
46304794
13469257
17018562
41699127
87539520
46823777
93873966
19261391
67136641
94367055
99468035
82454360
43188179
62986794
48617951
86253905
18565452
10096723
99943634
36289906
19665717
67752958
38200966
33011566
87800511
33015567
90491996
87669530
26416035
63109344
61904151
33123631
21695763
24369052
60386943
10777720
37903730
33122408
60794620
53190564
63586807
54497381
93993724
76795183
91808574
82715041
46197326
29323581
55963484
59045867
61424670
41675499
50027970
82584212
29138056
75840347
50433056
39771255
45174911
81479644
60647052
11390964
20887441
71019393
30333145
40845182
98938492
53273134
16679944
83941578
19101926
68896026
68325898
82481274
72538918
52738739
50882467
99604741
41925493
67117044
74584817
50875098
53672683
91982997
88831763
72699570
45251542
17771017
79931731
19663472
58436259
91383580
41108345
95466684
21416195
71629291
80061645
26899460
14699554
36531061
60556939
28505538
20436198
97394692
46996957
32219114
16836118
73115265
35348902
85789399
48151356
61635529
22808206
67104772
61860805
42184304
32347253
21262223
97154078
91604728
63718603
96421924
76574752
71573853
60645823
86992749
79353424
45363299
56188239
66071034
22737677
21885111
47703549
10825119
41372048
50879089
34297142
13969237
51787527
39078308
12020128
44875931
31494384
39724261
13328429
78219357
80946059
12081557
14198968
64360576
50881890
32810256
55298255
26143810
85824727
52782078
15463195
33654516
51152442
32781352
18265992
74066716
46776860
37602023
19189055
39630568
73513797
13443036
82066210
72771444
11050187
85452126
31644606
28761075
57700778
28191026
17896663
50043842
90950844
88820840
78402484
46640542
39048537
33668030
30836668
33993293
89047124
72248410
34335962
36043710
22014982
44782709
89629254
50029232
57462324
81946294
73034243
54697545
16948579
77613795
40365380
38040832
90598726
54962110
46237479
26200395
27575019
95152802
88673669
45232270
10475563
85268954
62963827
60084519
51511312
49880975
77285463
69680305
43229236
31655316
16909891
75475486
98943937
87508151
54684094
85753195
73910308
93586112
62516994
43593266
10873865
78322617
22917719
84169092
66248938
82828209
24450995
69127634
98643854
84565499
94702023
63145375
45930560
41953626
84718247
66922797
70433741
40732773
28392394
56197996
37323150
10620021
63988475
49172782
84645909
76732655
47493039
49044498
20721407
68590660
45334596
14515997
51472984
36487549
84164370
53166924
85592615
60582713
53872151
95120193
30813088
92798895
44974125
10405064
97732636
53360201
82099985
58822555
51809528
16111675
46279703
79584907
46811895
87844851
69477521
83307744
79314873
41861635
34452759
34744956
52754372
68406317
53254535
55347334
37792753
42016406
32837136
23136933
56589223
48344001
63285479
81085377
95253738
81156115
19894715
83752667
26524252
46517735
72920437
27044522
62836429
43385446
82218883
17061164
13820342
78116649
92904493
58049576
52107810
73847380
41949406
37769431
98944613
70404118
52944382
54630494
35162896
50775845
41395542
26055969
28987939
13312513
23124753
80095814
81620767
36230535
62246367
72645211
65695275
53685401
24359074
32673323
53118296
94836974
71400066
90627315
91086398
15543895
99963626
65159358
63512985
42736348
64448934
82314691
24359092
84544006
55837842
32026403
18257624
10380772
74098611
64757136
66823125
92253331
38488160
17823468
89046831
98921225
95919263
84946813
66597571
47855832
71242674
51481008
46004964
87653507
65568278
64516367
65056094
39848421
43676345
17556421
70210219
64759437
52654504
47258467
66707400
16583031
54677231
24424641
35427608
94346306
36945215
15085708
82080661
86227289
45391164
29336457
77659567
95043770
88489411
46853250
67146122
83185847
96481138
85858214
76508365
28721753
39108419
78358790
74356736
94656754
98645667
95975054
53319541
92898281
83619053
62701959
66150542
19827073
53256387
64539357
15459079
50762878
14436225
88174606
68564535
35695758
77984332
96344759
99363604
61338155
92270735
10428662
72517753
65703454
27201637
88635537
96953854
64792114
14261699
11963837
83145814
71324379
23059519
34908926
35459267
40902079
78852651
89973893
65356503
18334493
83274277
71821343
77727563
85560228
36760744
17793918
17072634
68611264
60058312
44763008
44932365
23733756
98071228
71422267
76687075
31506961
32015346
27196589
18288247
88645711
22911383
90916166
83063981
20782571
55357386
96058169
25293118
58574119
67109134
28995919
55427822
76641767
74714503
15652098
57191117
59003832
58895943
36815432
68264185
69020656
50911881
28185638
35680269
88992458
42977822
92144936
97219293
48875222
39387280
67481140
18424393
11645678
19764774
17803113
54576448
77887339
99771757
69701491
57250985
96719718
83640898
10548193
82372203
73238902
40178917
61611591
65578616
95752882
94421275
14342960
46825162
62673810
39533060
32931006
47499831
74106568
49042337
23819176
87915923
81545923
18306361
95004089
27813819
80239804
73927015
77028555
91186915
72836490
47625545
44637733
12894416
24782261
88408380
15195801
21930913
68323338
36051502
87752299
89418196
21452134
66437701
49215582
50074781
83555412
76350536
39009512
19220613
51711836
59908812
87643629
72449460
57754594
41811874
34531440
19093787
57349222
31599366
57463193
44498276
21907696
13845963
48925165
29975917
57247475
29209114
57569518
18572988
20293825
93992434
96470886
65675192
88652660
25564488
40604080
31504364
57074879
35977526
45455031
28774761
15997841
73384646
88445489
85259852
20526287
38703273
88822794
68943243
30066572
29184056
69244204
62264504
67848691
29887890
48962699
28795292
86644880
35054932
94625712
77511712
59495793
58505530
12529671
32331502
64239867
89228597
33082460
61307158
11807895
33976060
89680058
78698574
57034380
68188809
34191702
89873670
65962739
28758021
88776833
87475082
54020674
84989650
98332139
13171604
51507894
15228894
26272524
73376294
79411281
49684317
36099515
30208017
72008986
24083015
57768736
72489580
85591609
92022224
85540692
98035505
40427534
38440845
30985639
76172296
28786798
54718418
71998092
21935312
42912681
59012711
78781597
83265179
90337490
79000416
28703473
13190785
32122230
18755030
57198073
75067621
84557559
44782352
99125465
99070970
42932969
43465455
77714852
69469271
46451313
64116583
36333695
41963581
17601215
32269616
89690136
99079109
74417636
29346528
59461084
50325547
43032183
62506031
52148674
56017845
90396767
65401957
84821008
13168089
86902179
57794161
29057501
61967192
79950252
36599671
70932183
91198603
48828595
27805442
74260906
49799199
12224973
63076646
66155465
89589856
14637029
76765121
79144328
83440433
42751071
18410995
68221036
54351207
15223805
53053235
46935897
94401340
50659346
73025078
29708150
99696262
96730018
94346722
99751434
47145470
41978917
67232313
33866134
87073824
10721644
78408543
85760115
72354104
69255853
71858309
57927362
44770981
40657472
58074166
14477986
96765536
53654803
13558430
76797157
17406473
21045106
95645661
90805906
78181935
15184391
31952967
64875858
56642971
38196174
30669115
89686071
75769729
11215143
87372229
86402006
59478567
26593870
58243429
22343900
54526616
26067020
70073759
43786047
78237896
99920248
79858515
51575684
51333260
84916034
94574278
66518641
25112665
63623890
55991163
99554066
20121223
10405996
37891997
13179887
52007416
79853262
23251036
14999129
24872293
81053731
77992367
26335194
36327093
65465113
76470276
22564918
89420757
24175099
97612003
11114873
43670413
59294026
49401255
51931755
20046224
37398525
83788333
45675177
83514254
48186551
99994611
25669445
67935770
44535856
16211845
94317359
42821631
51549735
49904542
16510814
21336144
24057644
78500487
97687804
38947208
44288847
86950207
24289706
59276121
22122126
27955534
57178864
76038656
28402801
49284068
81413225
65395186
73668962
76392269
86425103
18614383
88572235
23756396
11854490
45194873
77575723
99179832
66474003
71863980
43217736
77517435
28852694
82553569
13630762
38308287
83704080
25184564
49726103
49718822
67702680
83528773
13052472
49741402
13964298
89708102
51766230
28795442
27809806
82482804
83352679
15976872
12393859
40076700
63446346
50421870
75848690
78373147
76691912
59853297
89525532
47815641
31083773
32702376
53450887
41557555
34189689
22315400
61815654
65889702
42956619
22172435
60144037
36464297
92097552
85234379
43031771
93199123
38113131
16796151
11888555
35874813
35417231
58926786
75379917
92074054
55790455
84709148
57180975
84326505
53262371
24880786
32997795
71995852
14273441
96762983
77323003
33369673
43142491
28791566
17270179
45706992
82696287
97144433
74338904
83321131
83121528
40813993
29424191
59223358
47961650
63826874
36914712
68490226
49125597
61110757
60528430
29866330
28880298
79696383
82143186
51697514
16797361
81018857
20402047
34935088
76818473
70427697
61874208
91407949
41725022
10128838
76402110
18004830
47250787
51113131
59286232
22781371
46934404
88473330
89783333
27934299
48610706
79187680
90588383
69741895
34929726
53260857
33830192
65520384
25754435
97422134
15332036
12334211
85156007
19066699
68020846
78131338
13530148
36511728
12335872
84789060
79907007
10529170
67721177
10958415
56622742
26988512
19312196
93740377
85965244
35008696
97460941
23157510
33078772
10043507
47539455
72049260
24937052
78344740
44987090
63312262
12569219
23903210
16811308
30254828
52298186
21561061
78136488
37364886
33203417
18058739
80113664
64027243
94470307
49049444
56896271
33298048
66358775
49143739
33603324
41509463
58509517
25588124
37883595
25756606
30658875
27530520
80141038
20180081
83450062
13827088
93448675
54012790
87181355
75828162
22749637
11163680
15385636
87795709
18950976
47223987
14560152
25408894
41984479
56970686
79264519
57323590
26381261
47834670
32077866
55176425
77361142
55703222
76325799
76082683
35400744
71023412
54959958
38820325
68334276
22095541
68110709
56277977
95379000
97931322
64194578
52670362
44827397
37159440
35219522
26209847
94154759
53963436
45937650
81628569
89052840
87505359
17524957
77169880
36970793
54941428
39397617
70631304
85758182
50856620
96186397
46858474
95143824
57530517
74510276
24560012
16268843
70894640
76959979
29549445
91559406
61318688
94961529
56298849
39769293
49316501
65034869
49648990
95712716
67350298
41944657
21677517
44366227
10149533
16642617
12330291
22822063
84403113
88035522
78184168
25916523
76223192
12471674
49199961
63071242
42224310
64188122
97171224
49754754
41366905
74101971
18927652
80728189
22879192
75656980
53892143
29192491
91283008
40814091
15509838
85429992
74609818
57262097
68869993
90207838
50004248
62413200
31927118
34949417
57823467
49700470
45066355
47423786
65005489
41870831
60483956
61165073
21116450
75830623
30331145
42942861
70430387
82456392
76879174
63028968
26080531
16542718
31883180
40464410
14440809
35243684
37464777
46595196
49082028
68043420
50069572
92398838
36762553
58896095
35545120
54085949
22989692
33782971
91416583
22326487
96075286
43524797
26415538
29623844
75534782
77268243
46987925
10098275
94053025
90762497
36498976
16538700
86270021
45439739
87990368
77726434
40288738
25931673
36401654
36726846
75547291
93858493
65269096
80216995
57866127
32665097
84565385
74795485
13145411
95673581
92002673
58452267
86612834
47191231
50058112
81396450
84963885
55661651
50189774
62545217
92387688
88653943
59071338
24311656
94405863
95292777
66084355
45056351
60645497
82213885
40946758
14066601
11552751
14074145
77848365
35638346
76157606
47275144
32447885
63449129
19787996
60216790
27642349
63113716
59985243
74330497
98007686
68278709
74802815
52922022
88560270
41133013
61321589
43463079
97558942
51708509
79383844
85651994
50144317
49353775
39952851
56733662
28947268
25828863
68391320
23781977
38861536
72318829
69009368
42109263
54257694
75838857
34803977
99330635
76906730
53607818
50226218
55058726
47215026
47399655
47889916
56579919
54969591
83195659
32524736
59804679
13270138
46110430
16170117
39178326
84210207
41699299
58441809
30849636
17962855
19023523
30022510
36783886
26676402
14106883
69151011
74717167
29982928
53991761
23959461
89026461
33879047
96875412
49114853
30024798
92715263
87960621
62194680
73781096
89282040
11842007
52240790
96207033
63803968
65383123
41066578
33377894
50943062
12432870
62165246
70798053
30706728
19970472
69155053
29247594
85800812
77908561
80714543
16412754
92867761
72208586
33400232
71276951
70970607
14748527
58470136
67759696
60277714
99087476
93492688
33857470
65804060
81992119
24397151
36908621
36942829
74913354
71451894
49197772
26354231
82223449
48789959
67687015
42240088
46985584
93601298
25886263
47280223
64151707
29422486
88836079
25765812
84616263
37798730
87433699
97491600
69638202
42906321
14384182
81899559
63503982
30108290
72013026
99422530
26952375
71430674
37095098
91143440
85457859
26814790
92347856
61200377
11975664
48807919
81973062
81151943
94401326
34914213
75536030
18417092
50844212
96123994
85528436
40789129
21932068
48770355
47809534
95346643
51243277
80291273
82705334
50677238
92886441
43095752
90678887
16722188
44597384
30049092
54044809
49018285
35936863
82120100
23970517
52664865
59332331
88788866
71701752
96819515
34231044
27962846
91667254
77403339
86976307
57154139
81456458
45413045
54732351
59946293
51384654
11976798
92162038
10856954
73010749
38482645
98833693
52009317
28696023
48952847
91203939
57496730
21316763
15225686
67704373
41560341
98389187
64800190
88621690
87338391
76570610
53045911
97182708
26154964
54958177
73787864
24859266
13067964
57840227
85683231
88961551
70408509
89124149
54820115
73716693
54303936
73117546
78475402
63537433
32118387
31969250
62573303
53048728
41366200
57102784
13056224
87097058
31394801
58407776
95084319
75269859
39480656
55294855
25095421
25712567
12737032
37173107
23919347
76854105
65852543
27584493
68133920
32422094
16555139
79797840
67094075
26748356
12727952
48029443
97323368
86481195
79558828
88504875
46453493
81426025
25191440
36413031
88224064
91892718
38488962
16504009
51889231
86862198
77537368
15423771
69075645
56075709
36863578
38701921
46489937
65249531
59927547
87823255
51807126
72709554
31271432
29042523
21058161
21674245
32827014
57147343
78870488
76604721
50758273
47939087
87862109
26942933
59144834
58822386
44579582
82453012
79258005
62529826
86360200
19719959
20722451
20788345
42513829
45698391
93226531
23161829
10863743
87246124
26129496
32021637
84280062
73097710
79594523
71016876
33193548
48070037
41665233
81850363
10495128
98610848
63961194
89365573
14489021
98597543
93521231
24862215
58188162
30646556
43950411
17668828
10520169
56734087
46647428
62650120
80069045
27766254
50554309
63717911
53765961
10962942
34880664
65200526
69930073
22071983
57655717
94914164
67617381
74920228
87697120
51064225
32238749
84025759
76672251
92070572
87603412
24494866
65653858
49474678
69164467
49997250
19489353
69582630
64415680
39382425
36333846
86897319
60991727
91387238
49596263
27156665
55587094
61100556
67986354
84542759
32104286
62606029
47542218
10173828
35479156
11694170
60150768
70061698
37151807
48965515
32561098
36507399
24152707
10416640
90897519
14171269
49782507
35001718
22427951
84044707
99281565
11341117
79892159
41971938
52931959
66691039
58098510
20222163
61502719
43713551
87553154
26725906
25767685
32434036
11601732
34254284
27252506
54968908
26324379
14906771
34385267
15774368
82489912
89144472
98839966
95282225
98416895
97999534
10303751
54837784
43986100
59652663
64401496
89744654
74828809
36440291
29188904
29403598
54232399
62738351
59749189
85269451
38524907
29361090
26653888
36008252
15865151
82115127
85342819
54360299
52899100
90341060
28959523
21668463
53997514
36446469
35433223
29944015
86760735
32838472
36933293
59082035
92704548
51383083
39034038
51112072
85581315
91519842
55746575
16314570
24547640
45351674
62914625
88685363
16513801
15064950
91701375
93925914
12911805
83346241
62721727
25988451
83871592
52046348
17854139
93419424
63310444
29691280
96919292
99875113
43819432
75616819
43050364
74110572
70684447
17975251
83369354
55398055
15456275
38667755
86641523
83332673
70663314
14212233
60472216
39359529
23765026
20261946
10959719
59791890
70718631
48368972
28218689
79246552
32142887
66808132
82313879
75330182
70895460
53161617
64045144
50848499
44160731
37871172
61375287
30817528
26970712
42778916
14617360
10679692
19063399
51660545
91629111
24168598
65406082
73228987
45951364
62019343
85248189
22791448
80030789
18584331
38554119
73219001
90015114
47966637
13857142
33160307
38320632
94575533
91098037
14482019
95942236
13298180
45077502
43538404
95392548
78216666
60032255
24533026
86833266
33782649
99594907
65888431
44684400
29376320
90003064
79697796
28374607
16611638
90874304
38322168
16780254
25985973
20618790
51334352
97673366
19631870
50063556
68777456
47836118
38895872
85176138
82661168
37722183
54526855
25911235
25191624
94048717
34435184
90822977
60569035
97803105
32422398
44307098
33818116
35972735
63845002
58178881
87481252
27708360
14931169
65854281
46103672
29881991
63185569
50836995
11606854
43814383
96817171
96413155
34412789
67369477
44673334
59846263
80267647
48207123
31904612
99327008
82741599
77002400
87769635
89060460
42938495
14269997
20387906
52509056
23418748
41228608
66741841
53613929
12650560
72562696
41940149
89311697
10665356
38941569
82778005
20610502
59613287
53240190
77699430
98860034
20729080
66264590
41424228
73999393
68696495
72727055
95811682
65923225
42147460
96113290
64991166
14325098
97231934
35791764
64472770
95307400
16092408
45533046
13005534
71762206
80907204
77114682
39411246
13780526
66442399
49678117
32130453
73703945
30596551
43189865
53081479
57337766
85936781
76984066
41384112
62609051
42646744
21110944
46594055
84398930
15684315
30252175
11218276
39422215
46096523
26126973
88039139
24859300
24328279
40827307
98780453
42501709
68248674
19294584
32376958
98371458
42768870
12123864
40006552
66606222
46939251
89350371
61746827
35978777
15891703
75100835
69936394
72807019
74434251
23248038
43458993
77600445
85627038
54077682
86756273
92739815
83377203
55077310
30444446
60668556
32913988
51511588
45991546
65941085
26423957
17853454
77330841
25729763
46349255
23432226
83133071
36273446
90034970
61912313
66586133
54893984
16172666
82076154
80437642
79428835
21939129
96221831
13264964
62178660
89403408
68356283
87529219
26230123
23660677
43868796
24296681
12570755
54842271
78912321
81469245
62074656
29271676
88949643
92372730
10513113
94612395
76697033
42527869
40725761
80495415
47107180
20002860
13441527
95502703
64274868
49803727
44805773
98445093
24425303
18551136
24570762
93506556
71285262
14827427
74551938
45199288
30874344
57972660
13544549
80680361
42974521
76402577
77531916
85338199
54816540
54948699
77343105
91654615
15062621
17362185
62352713
86108987
44387519
62588132
89904072
28670831
74411231
49741942
60443033
51858564
29131777
63272908
19835271
42892264
57023775
33523127
88315064
81224984
23745384
48361487
20751443
49854805
45335592
43653691
17063581
38656339
97490491
75804397
34474305
15247748
10366289
19511395
35518652
44005437
12268443
35234079
73315499
11491184
39050112
79463938
71973654
46950248
18186310
66886549
37423237
92096083
88270611
46808589
80704684
55990895
31478433
23822625
41753829
43758935
61450400
60994549
36593065
18711184
15527078
97587264
25297086
61694370
11971466
20782318
67522716
34540712
62315145
90288360
45489832
41559915
77851707
80018659
79296742
66050454
60055621
56681723
77975767
37246944
74070308
46679367
62974016
77398793
93203591
16447427
87974564
31736317
89305070
22128406
30573760
13350994
71977183
84887699
76596068
64488852
12328529
90744626
66706500
15082910
73735747
84911417
41288664
48488936
87206115
83577014
87432087
14060318
36150876
96901213
10290592
29916781
72796975
16875447
66938406
50646560
18109212
13510903
26283071
15466909
79827717
53914104
13557030
45195693
39754405
62083828
36910642
58868919
84202429
90451156
65828343
49147412
65568108
67410477
16624652
29732931
81066842
80036280
49585174
49326241
21501212
17513368
68718661
63051290
53151447
41469015
31438825
57967113
75598023
21843526
37422896
23461967
95546620
44692688
12421578
71945067
64467806
83313706
45449379
36418196
16477875
22345761
76694387
94410089
54288427
29291756
71182976
88654018
80334262
13842976
43412558
25439557
15675831
81269559
36710453
28793683
58733218
61029330
83092754
18277034
83919353
42065180
34098373
55993305
35393466
21289609
72316208
19179993
22640964
59171860
83372398
19835066
75964269
96234907
26531093
57330100
86843841
15718900
69202423
43730238
33993553
82837691
23655809
16838352
88193222
59068075
89453020
18372175
40018619
72097701
15794882
96797592
23745398
43744515
39988145
71390478
56686335
51757803
69964697
90567656
67060216
76584389
57580229
96219826
89720022
90813991
42169104
75676151
73690658
81543959
44174992
23680563
14770011
19138520
26444577
99755088
88454640
47157881
99751866
49995968
28495204
73736722
29717155
50460493
46980624
51745100
73221566
17958590
34204225
98656644
64343734
96017341
83808541
64770970
48987751
13772364
12778759
63200971
24886425
20075042
80800522
45000859
27226508
26945856
79732112
86095106
65034913
28795795
30224741
86262471
53716023
13278220
78954617
80091701
64133810
92908693
60578087
73034571
44259530
85054302
14752350
18053770
15450898
26068865
66145965
42745288
90229119
45807924
25951917
88150635
91161334
23857840
99282486
72434120
81875070
25167133
99023186
30718530
64196305
39212206
87430974
98129311
61282832
80861379
39518399
34808812
55241437
59982963
63775947
29820212
59366382
56808763
51402452
79274473
97172398
38885630
23786494
67644279
96226884
74735543
29859654
68630367
31742032
65713421
78071658
54861565
19456157
32677555
54773141
59271611
45229813
43003655
35904284
93130873
13660193
96660531
34857853
12402885
97867230
80704858
24168438
22009437
79042515
43296745
38000445
20049419
68285985
13646340
34797648
20888413
50014799
34749436
28310325
48619386
86107511
86554824
96971519
48748038
75441044
18218080
89673260
66647268
78942993
17891526
34463236
20696150
73171779
54612210
61168841
23542493
54848446
90996144
48610296
47319597
45843994
69451765
37932392
21690032
64281071
33095238
98724098
89332658
43668767
30887608
98090165
28601645
80018047
95193420
78580168
73633029
35862140
90402328
77338244
34414937
40489006
69925083
24416452
31593265
74313228
49882235
23391905
99103121
42803586
83786146
26074813
19509556
67064223
37239194
69958807
14780274
39798850
48369079
32053033
17307512
50941398
52863156
16597166
94755639
37316071
96852148
31092230
10394768
78375221
68873364
74953080
29144019
37860453
87420920
10312822
64190270
54412192
81773391
79538911
56640242
50937365
18052566
21698315
63111262
74207863
77426267
73412006
53592426
24524115
38168498
80152346
69834324
17103860
81570327
55670486
42705612
33288705
55903381
63974430
59738175
25754893
43735243
55844411
50477358
41393586
25399728
99821448
27404607
77531602
76285212
63914400
22487411
73476402
27160633
89786683
12674027
85110609
20155051
68234350
28231921
97006609
23141677
50653142
66911038
14423450
42273686
33598436
43711577
68392108
65677003
40286449
71431703
91246523
27879040
39694193
24860433
53914115
14803315
11461512
41015567
40252999
96281680
13170595
79814757
52805304
88042235
36024139
32143520
92397540
23785965
28070534
77227469
51748621
83570747
80587524
85058389
37109816
58084131
21659447
14162252
32088719
79341938
45780035
30618776
33424590
83491873
17070439
20007077
32827580
54519217
10957699
35145196
64761128
95768334
58335024
79893426
22688645
92685726
77449914
50577321
25161760
42679972
23840621
86241774
77950940
18588304
75077393
19970877
20939080
54034107
47598017
77043055
51850352
42292644
27084358
20617983
22154822
98189071
30622679
65866689
41116820
21196790
44753527
35199522
85455581
34663807
67643032
42990155
83870694
66452809
92258655
71239014
83022867
82205934
36780201
20818777
30282207
29592040
23055179
87708032
78079636
89594097
57872604
90066453
99659349
57591096
94612243
28622133
80461704
24265319
35126237
31752175
99957662
41598801
30219999
12682560
34706201
52430120
48909473
32988117
70534314
44893300
26335248
46710972
62592848
31319521
69428365
92368420
44632195
28290936
36238585
48782031
88626558
78945191
84076256
33966060
19240245
68381916
23255118
58668286
89935305
48507713
47159829
88764404
34204756
27764374
10755553
78923706
99523954
74963501
61027427
34947333
14795470
97308365
14615102
97033872
76500822
65620391
92890621
76010797
87111768
76993969
43823023
67505393
14067361
91214031
90593023
75926756
19674533
88941448
20260174
31429936
34690050
63864801
86775543
31727357
87608419
74198961
91050510
59185665
19239481
48471182
53897483
38774977
19660413
63846762
29398289
33987622
75848935
10778411
36230078
43674824
77455524
50169706
23187955
48059477
74854674
25619446
14868564
11084450
97944573
61512456
71768365
90055011
88769926
68955995
86020465
42503902
50072699
47665394
68260634
37339693
30416112
52246382
80126658
74040477
62798518
34127717
93509932
92735514
28543856
23524431
16894328
38162380
15396671
75509500
35842082
22314066
18127899
93517488
41083547
20619586
79626704
83574314
50187797
83560389
77413680
66250118
17290839
89469972
24601703
56453996
15255072
25091262
49909091
24414810
11325069
71712563
58834896
63501235
28042791
45472644
31310224
53842737
86907886
90976981
83280922
83666013
25855564
17177417
13324532
13202719
78656804
37994971
88172612
19614662
20805186
26600014
32888722
87513102
22218386
85039488
53929145
53370916
47287726
57452799
19895914
68071574
35474645
15907010
49863977
23226362
66327878
23820342
75717613
71595311
96269736
23417270
99887415
55979636
39870741
49089159
55765438
91927524
89593486
33174350
81684619
14352363
74093008
18711669
10205887
45888510
43042910
33207735
51287989
22816679
67175950
57836844
63570217
14659019
45617285
34936039
88990405
20784008
61347091
86573812
93915554
99050954
85625978
17461154
84690723
14590448
28079031
76209326
28091939
41846829
78507609
10433940
93590982
87543599
70914817
10515067
71332594
63572626
21676206
89685993
32757351
35588987
58858988
90652205
96830697
63621288
27846883
79069540
77235399
15364492
25018811
95564781
26052945
49448546
75989098
49601498
93460922
23150511
77232334
32136952
71566362
93539980
98524394
46831851
36013606
19262256
54003724
49469595
19898770
51993562
97712298
48207880
93968040
65568757
19438905
87066728
85754497
18961272
75054395
20469146
91243370
47894036
43545067
96379799
97181756
74497784
42264309
81348876
88622120
88992077
54907287
90161390
69135523
73980304
33740437
30725206
89123971
81295281
84551566
44611361
76572893
32582462
29173833
21425215
30750205
52063896
28426738
58459501
18984640
21041661
41290496
70351930
95113966
95390955
12871484
80688261
25697116
75282502
90215275
35320762
49398787
54276362
74525496
79152846
79883228
90249708
64624650
26746221
19885483
42190117
52329858
42256147
15060876
51267706
46957817
73536340
25335700
84002014
37532763
21897614
13854388
15554055
11846259
17235919
61975826
59781006
91161882
29436930
76990262
56662003
98981768
56856375
82793588
23512485
80338045
17794233
39841916
66113908
41974108
64057874
56285039
29980972
30464351
84373200
90945628
33989266
51986262
65087492
74762480
41299838
70850655
32141053
73272614
57725818
62528357
86632286
13861152
99119486
26437103
84583930
46866047
53264053
95068672
36850909
45989851
57109944
95683088
26773964
43311075
37626192
57693894
60550241
15376510
91708604
80826799
49817344
31525221
86917132
11710090
62738414
73931996
83026291
63618217
15908572
42593638
43552150
14998479
80001189
86318773
51400666
81115878
82569397
50803250
39842038
20958595
89107138
40043119
75135358
59926019
62375588
33070605
53821267
12017721
79639915
91026538
85122253
52485505
72724917
98393013
82694518
63246646
45973554
12355019
96280459
77028741
18174947
74804192
54315598
73124107
53179659
44699882
28838639
93943015
60272073
69741082
70826382
28468832
14166593
32542707
20508493
21692568
47136570
96981192
13703427
70252842
74805609
24890078
58051528
90708794
44941154
97065973
43843767
93530410
60512053
59257954
55725920
67747461
11830888
48995420
14049202
64100381
84552268
78387295
41547532
53976049
71596051
61761312
58294032
56150785
86679288
43461035
77090689
33852357
23001234
12258619
57063509
20758305
50142588
12462379
31945100
34014020
19392855
48966660
45784741
84919915
43871036
87365131
97040155
85804264
34986563
26360218
73897016
55434658
21151508
19976871
44628524
60737651
72401849
85785013
48932618
80199837
58489186
50963998
95894869
72773707
32439691
45678053
65736025
94606257
94081243
31221503
68990649
61661003
59855388
55873416
43456878
97734616
18697151
95309074
14427226
48120045
97951059
75571156
37305100
79950367
90903838
81782206
91483779
77049906
77141521
90184446
85561441
33621075
87078158
18250335
30067845
71681804
34079801
76963858
44526290
75451010
15569641
75538170
14849355
87856074
48497939
21050078
72726542
87725128
38481477
22158267
56902327
41220626
89680160
27644940
42735343
75079609
34876643
66553835
40970591
40417675
25984400
29918606
57307272
71629423
98544087
27250561
58896274
84839171
78061644
17863092
17325732
34005781
13517722
74155593
54615447
47732665
65044702
24346803
23035635
73294748
20524635
82027443
50016710
56290643
71483077
56228118
22693456
48113471
33013406
78365313
68932754
31191272
23130297
28462727
38396710
49681196
10811974
87094599
55812282
42792943
97730914
71691201
99504984
51170358
15088125
62087506
59502790
80451860
40608956
94939690
19152292
50154586
68679425
42949561
81319296
85856381
41357990
36830279
42968875
95375534
53398195
44947253
42753740
56348472
96964014
20267767
44712632
86350844
49773900
60772229
16551034
69777333
83156995
30896124
65503057
26189023
67736648
46640598
72548230
51335728
86317024
89522424
40964520
41237788
43358770
90288759
92280169
54559650
33421478
24542622
12627023
23866947
50458734
60122031
76112188
15387921
32297360
20680631
84742852
87381040
79998497
56035922
36077786
10273610
27927529
11560253
84808103
52169291
49389453
14683098
35944573
29568572
94750685
56804054
83486481
38569281
20327236
10299940
96604126
32286144
14818549
38017379
54619497
16321916
79462442
58095115
80040666
96225622
62814363
54960348
97675586
54451235
49380952
64943780
30044363
49338994
89197629
59639586
59898528
91491411
17266827
57070748
87191515
25323023
65193967
66827140
31760779
81367547
71289282
56240733
45502132
15779129
43210118
89293043
90193756
48015621
86278562
22034040
44272724
34497477
59434344
63447188
63352230
23479397
45798706
57475973
96520395
63029876
86387474
75357077
62544342
45194640
22425189
94111543
94048937
23443871
44373494
80065890
44834490
16971523
78991385
67245958
81164296
62749668
16366471
78128835
11522814
17223417
39363836
16050770
73897077
26061089
48759549
74084171
92557706
40416714
34707969
34425214
40476734
47153082
46735080
87633775
71981313
89619999
25184187
52302179
86768060
89735393
19578505
65436809
68965302
32460760
89482773
75402527
25798135
80611149
84308786
33130605
66773249
30238734
89904361
60225244
83365113
96991984
48179722
47093940
35841755
81770269
85491301
81679434
36518079
39356821
64350343
40350115
61240248
45996607
13707471
65039570
54134668
61291695
19668610
49745207
25724830
40553217
91162576
22311806
70372755
34225537
97775257
25127475
32729035
70719093
21425174
46888161
99848446
93883410
74910246
70439869
52260876
90162248
56030312
27952094
65214359
30156286
44726958
49691428
95120165
78328742
40265562
33294830
70763823
97539053
20970855
53467815
43616292
78776722
64784645
51157895
96786706
44607944
81193639
21646119
76059113
37352461
15679337
93648027
31400656
42312804
66828552
72666855
31515207
11934882
46437710
83936139
65707661
43582931
53093724
76133485
15278173
12163595
49279651
46946757
67190467
67562875
16307556
95577461
90528315
26261366
48325811
68038039
65557823
26978570
65640228
80247973
87554067
25839953
66980037
72959548
47813031
85859596
97963024
74324987
71053636
30651382
40842180
84812403
14338356
63067360
88505750
92995143
66399612
59892749
88526562
53343817
30247601
32138016
43875548
72047600
51509817
61077901
96532152
55713511
80561573
43764276
33350724
70201128
63697184
52193322
31381276
69392938
73692748
40861141
96355899
72433631
73289956
81986706
52361662
54416192
95271488
89308386
97991860
22883200
45502609
53384494
61059721
70699830
60876649
96369963
41918439
30164804
99191179
81624653
12700750
85085005
45307623
46314597
32305823
87278448
59553374
67848219
14285426
46584378
28567687
98873764
49079529
51394984
11927272
17023283
65187647
91837710
16388636
68859236
53815710
31358557
31451529
91803149
27172966
11692476
84501490
54339148
45149192
91206202
44962900
49917921
17948599
66517188
95041544
57702083
38115450
10183179
10495856
57835699
32855291
43063768
15596127
50460003
79123294
25028994
97297260
18645976
48738070
11911611
43508189
73001023
18252734
70131466
29609766
79735624
95381444
11867397
63267344
39801766
68668949
66887293
37620132
97504444
92166001
82864311
19260969
80070181
34456682
65597090
70172336
68383610
62574172
21658797
54575360
96577529
91064428
48890649
69623916
73925680
27097898
64232649
92164632
79394250
80614012
65571635
49566631
16166486
44805003
87932526
81959135
17013100
88064446
46978788
59657379
69059929
14942439
46430440
12488806
15962408
31136128
79021505
40136503
55215555
12561342
76704449
18662589
79644724
19175965
58140164
40971954
76661751
38167058
36986844
90470713
20099783
21323909
30271937
15800027
36541028
97292146
12027791
82488898
87226610
88984640
95692124
82003326
63037050
30862687
76892154
49170287
88699655
16764551
47038454
41772920
60301304
50030682
30026547
94483507
64462069
48558435
79980808
93149480
90834394
50106444
70744905
88931068
20082420
46244150
25477534
19895239
52321752
48176468
43977537
93794220
97016887
99992530
69216844
55831752
12635996
48302576
57397761
68343093
97450094
27550389
25637640
87841187
49846874
41794855
49786848
92949702
33146728
71735567
49510048
47726422
23164767
21431060
23544751
19489733
75101474
21359736
97857987
27545304
68803319
75302166
53027147
78561964
69866806
10511005
90653477
67251047
39329403
40289197
72025516
27153273
61463130
60069083
60700892
73360315
18758160
42496897
84604826
34726042
14071794
13382297
99252444
90874551
21559646
75901066
69812254
24181668
80605030
60014889
97701539
74101107
36392479
97785855
76537812
55323756
74334556
16266177
12047441
20788010
27865607
60715851
81931266
87013144
86629531
40319451
73434183
87329407
85753842
44126625
22371008
21387087
81975495
33665992
99017423
41395112
70487386
19569011
26187996
67921486
77543355
89495634
29237178
53887516
65352246
88232720
20915345
92121394
16896124
97410207
83857194
18267348
59794787
88371696
35125374
74170018
87303510
68843999
32123023
27597474
29892824
91745118
26287597
18252350
49290828
19322804
23329413
61497978
70967842
10066164
78953584
25614876
49331551
19831761
59387797
18323095
30054133
37113770
94355581
92275973
29492620
73677608
80617621
47416417
67378968
87508918
83136670
42932444
81130446
29343130
80379621
67223309
54389246
56965895
19289784
54635232
61177077
55423063
84052840
10510528
91758137
30050409
15769130
37310592
14598490
59114699
76715299
83042498
54627260
48646447
24101062
10248934
80760525
27560146
89770391
46316738
85456345
31785384
84443591
56367629
17209607
90898425
13554183
41658799
48762187
64104535
79947729
57854363
11936781
37550290
71848704
11354063
81797359
10449803
78869145
17809251
88210062
59757746
44798567
99602971
84729441
99741057
53329091
61589853
42347235
25693044
95318908
57068820
77644574
90400433
98890885
74402367
92145333
70633505
63623859
81140422
58987092
78607393
94521892
50929083
22419664
98460110
94249331
72270910
84550418
50511590
73491250
23992820
35052499
99743658
81721075
45482778
63313767
95205080
73221259
48209792
98042167
40506777
25999602
91345525
69339771
12594764
81010035
28582332
66568535
65652017
26850206
24852838
14344084
63466037
88142355
32156519
10006767
62103451
45527665
91444061
12876657
54010805
37011187
43589628
29446462
26370956
12951815
59183138
59318401
40691809
74260884
73978312
82123433
39006321
34634245
82714552
60960453
59703841
68444532
15018129
73170946
96870048
95386666
43168817
78945465
44060318
41914497
28405182
89470146
97076401
51091328
67980759
33825743
61752827
44180066
47025622
19106185
11675456
48737453
77679531
37258039
64573015
27885365
33764056
18962287
37005311
84702937
86451051
50639278
97184337
48591870
29337372
39370298
85378268
60251000
99980233
47838649
56083040
25650246
83334343
19832994
21023107
72422927
66881897
13346310
83436600
50312967
24457517
27528969
51293633
16102467
36651251
36666068
24331232
49410268
52331621
68300620
79985752
81514052
17260063
55261570
51463251
47060476
56409177
67672135
95105446
82284107
67789675
22481847
64850513
98243884
74585425
21497764
56099849
63578789
33832903
14294843
22913065
68002857
64432846
65940621
83487832
87929772
28137555
46483415
40794589
67158277
17017841
37334149
97402523
60031544
35078999
68624233
16043963
66870609
27737348
72931984
32674586
13886479
73474005
97444992
31334755
62579035
37560248
34178428
32089150
87395064
84402646
29197058
67149119
79618976
84038377
52103947
50937904
25779552
48957313
93338131
73625136
90999112
20489599
75320468
48782662
95703356
68872035
26121752
98200401
10130092
92201716
14096764
41506086
65618994
77690320
29250043
86324642
38053755
28408591
16062447
41852696
48324334
80962042
71609872
34923756
46693342
34889682
89895763
45459129
66877886
44149350
37231161
38072381
94079457
94032377
32959043
63226566
41143198
44859278
19503300
10732066
66497622
45757880
17698937
48767665
98362046
38975447
63577388
17736159
26755266
46669002
54870155
97329023
88008443
48344300
86431743
35019399
19677717
46800982
51384881
91653717
68475288
44392740
94525762
60294397
61079597
65111733
68366089
96366220
62706864
88758512
44493595
97214954
60784141
67939170
38181790
84364992
94003310
57756364
22321351
60270104
61871308
58565304
25304505
26544682
32044606
59431585
97607390
69717011
79406045
37608985
88425247
73306454
87295872
90869966
96980310
38691534
17894348
58627675
81040442
57622629
87819336
23335445
92282975
69285911
49757314
82625421
42285325
28639779
25443602
21355925
16200571
88012999
14430023
72789629
58393698
71702091
76623466
48515372
63353726
67006514
75282908
20566865
38516875
33675404
19312554
73439447
20079742
10406381
58938726
87857873
42531227
51024552
54440629
95320012
97527028
61907962
87920015
39253629
16429835
92799669
14852059
33676033
54811416
58176735
27758817
46169215
31062201
52295188
14274002
63442840
22438889
62498562
78334517
78699066
48734494
41710014
57675756
21689457
80016096
87425941
27429304
67982115
39328616
44281047
32934812
92113772
57562175
55940142
97849607
76275833
40158397
66688791
68325085
17199727
60153714
26864303
82425302
84075462
89596872
36747769
21676325
17373209
69242314
60146073
35392098
54796579
24417831
86739698
88097234
23876360
90220899
79094786
39915057
45470659
59277449
38823912
44279882
88435091
28251768
19629730
49488857
55443569
84330392
21178003
14701951
13392654
76249041
91003244
26576463
91259296
68014986
90085826
13187607
55926244
84024857
78621347
55684262
29844340
41322349
44601201
47038417
60344542
85956172
17845093
65809107
69433926
57383757
61086446
57184699
26779083
33874399
10237323
79084590
64039122
27152967
82651448
34769134
93419280
71855564
80112538
30056399
18976270
95932586
14431967
24526703
98467016
44252137
91175937
83004211
30357651
77911818
51633749
93387717
40584842
57825737
75333706
34996688
14423665
26017859
52077112
39327163
12044868
14281379
51454647
87611208
48508520
65354225
36959737
50334268
30133973
12293047
14804018
99820676
58645483
43379551
97644920
70284805
24580753
97475875
71135160
30340937
96316365
35065324
61025736
97197116
64859569
67554374
81415678
73141967
59613339
39954047
27463224
15669835
17403709
49249738
17322654
97922628
97099640
98443461
23531699
96256220
97963758
52317186
18550573
27732374
79489797
16745028
30920417
89565719
94071185
81100660
79706074
71539985
71876381
48662755
82425091
62845741
39273981
36065346
20857265
44968789
62681260
98441873
70202204
59097372
57364424
96042806
83134111
11710280
56048513
38565090
71213667
43483290
10153181
95671528
33178464
23848571
28127156
29865357
95787603
42012296
41923742
58259478
45322043
70327613
11814023
13043157
52280173
50114183
84218093
54298985
26809495
45820680
77845337
65691401
95677321
95723489
70375086
65035420
43733834
58135961
53020805
31062546
48213071
78565346
36192813
73015370
98886218
69758625
93222012
38057366
25099877
53703489
21073357
16747344
17424789
26303296
18725802
22703258
52398797
24142977
49664441
36738893
46994437
45140146
27001224
58011393
55067455
45464773
12824085
60268441
39898226
43076775
89811947
59130389
74827162
40471724
23946831
35388177
87810719
42766917
37604984
19850142
53261328
31019775
76340280
23329506
77836417
92795759
18932779
28481933
60250039
46665682
82406635
37073313
51954367
73854130
17624726
94995769
24837947
15541436
51917649
54539543
48293687
23393901
10098622
90560587
90996176
48125549
66195218
70182174
40110737
80420288
28103189
31973040
99391375
37572550
26488222
70677110
79937449
53838751
24740066
36568941
54733687
59289952
49523526
75369321
46649959
13373682
31751027
67179383
28058497
47957676
32495566
89498850
43127674
93268200
92003989
81540706
30182156
85443447
80607607
29281177
71847140
35939188
82578309
42030408
47285075
95827174
35591955
31552113
69254314
61312568
41039385
87395126
38043322
45816244
84619113
68675768
24698375
75918158
91710346
28623142
69507472
15992511
65884460
80761003
50213005
52817112
38086700
51110171
94391680
83120417
29810955
90668871
50885544
85444810
15707436
69476326
56010428
48362283
71605879
82791527
17938936
41067602
82510143
41784202
24507203
47467138
72552022
51102753
65788528
88108427
12409788
65407005
49981838
60216033
64279284
88090288
94446773
48595121
12901112
73564876
51150065
71081279
25014262
28978596
44752053
42194090
62207657
57203926
42725621
42819780
91062680
82238107
83175637
17342977
67813481
17519571
37290395
69276527
28586164
55077561
53363296
35884194
83161033
56471730
85654953
51499743
98818683
71824582
92845375
13269848
17279763
14225387
51646906
38085072
79764122
66699009
36164717
50861905
33268317
88329004
45165934
46378286
15689643
87162341
30683893
24897834
92590831
57651413
58762792
79083483
30117310
52308819
82570115
77668446
71117040
38909368
36418401
68987323
97673502
90074133
72786321
30573518
82529224
82718654
40887523
38068010
57867869
43395974
35968995
89571327
66211510
34849314
28570900
10892420
29483113
94901347
56583730
30105917
24771185
94851679
54635642
39755252
78556334
67798277
27298968
56920197
52161523
26191489
84737354
86652161
17053611
72241532
66129926
56020075
41498409
82752552
75817875
91935930
57965731
24111751
21692321
58250382
53620162
10695327
72811200
21998305
76400575
50483026
87717294
91776133
34218682
94970957
24244215
66058105
41154648
18901182
34610283
54727278
23996387
55814858
99745906
99708574
49294704
38545018
11761080
65535821
52810908
29760133
33683404
85898285
52198266
20105514
21278275
31519515
63472737
60741254
27330024
80597785
33823076
92452835
41628980
94493162
45343156
88493438
81443801
58141661
79071244
32528158
72716571
40824214
99011072
37990592
80698658
32947028
70800557
86412831
29214083
82872072
55422413
78094075
48920423
69253846
61720906
33830538
82674382
73306958
35083421
12647568
50918698
10110506
89598403
95753255
64951796
86671844
54935852
35224189
44693062
58699829
31394952
15745575
45176063
81917433
93233135
70391770
89578939
82247498
61590054
55860138
95066334
79782462
96812621
43478422
34146045
30162027
37637200
10735080
72140677
13096700
91005451
86821678
59049107
11410721
51284525
98014480
22350138
21412841
10914051
19505346
48439027
82365360
87530605
41703786
42251327
17165345
22283398
10331422
59309513
24297290
83731477
66127721
47001850
67388657
99874316
23907985
28070529
51459426
11323424
69814549
74212634
98976070
32767241
20096680
94228654
36761561
63480549
17637776
48271049
82088530
46900372
18180405
14295720
95655541
33327270
80756450
38586305
34185843
27152177
12761171
66042348
37566065
28834725
70594621
69040939
90113550
90776046
74538262
83733400
65140255
43771526
17850991
50142389
53041453
34944891
45706463
53450252
75359211
87636185
78658775
30505282
85582620
48106209
58637200
26313548
52830764
11082957
86771768
32836475
46173379
36289911
95582218
54593461
28642947
77046733
64284687
88680502
68758516
30769275
38209562
29792181
38446410
93781375
29167586
88309935
34095617
28770342
37415120
49986738
79852948
66047634
21080041
47339047
87558051
20795328
42110115
74324407
66179811
82446682
37095510
74365733
38115024
24037079
40924719
70474131
95538526
22215063
65132532
97779219
70007130
77789202
98939134
69604928
55011147
67402738
59251168
76054255
21335738
36562715
75036996
47868547
21654309
55281348
61679330
11050928
33971294
69360746
70711911
52506276
74483346
88592086
13988303
33815169
72797805
85974696
66434230
28340236
77394230
19902718
94047933
29375427
66231351
36942005
78262997
59943930
95981066
38402566
83259084
81378840
23053079
50673061
37322419
63739988
40209070
61539638
41346837
43125699
16012347
57746246
76659287
49836245
58718945
34300707
70358667
29580821
44598909
17341907
80930515
21790199
88592810
51836453
46353897
71734822
49663414
11198311
52993679
49274661
23154392
81657832
22532380
84994204
70912179
52067748
41410413
35402765
72816406
43127465
97919686
55646644
69069768
51153866
91408560
12787506
47120921
62946421
37541049
15253071
50622633
36258801
16821966
19722131
78792165
92724460
19372191
65481043
86089898
51389607
97106680
46186278
49974924
13929251
84020266
84385862
53002019
78466938
95165512
64908754
67594543
46470428
78283400
48935565
19047327
67578388
45543011
80311588
38218284
35408159
27930074
84886197
25516048
92364634
97279219
48909646
31041008
74828679
21544341
92328243
97801693
71773848
37547363
92037412
47722937
19888861
37028367
96079113
55573766
98661765
60357927
64495706
53349797
16442972
45977285
31188655
50957271
46379550
79737934
93118248
66449125
33214440
97199693
87172933
71185719
76825282
25891562
46230350
68141736
97714040
17436967
43395657
17590601
88587835
69537274
20810414
30736455
25217968
38444970
19215309
27145974
85944376
80212011
56795346
45095064
14444418
49562603
56060802
37409740
71545925
25976214
23853157
76068707
18870775
35799275
97543968
70694937
43590872
17393041
43897125
73061622
45008189
48239001
94277121
52678119
56240948
33275867
24531285
86266459
77274402
64730600
13086088
89420266
52431161
97434522
13814316
60596581
67257077
77895644
15480517
83627830
55893691
25599930
91582488
51321778
40880098
32413488
57958720
29757498
32425975
15717398
61435099
12395245
73024810
38978678
12569409
61440779
76047299
88466648
37207671
32660397
34208651
72224267
32700323
95933386
51120592
58286364
77812632
24669311
46968356
66374918
36905026
96030869
87787771
70003194
50070093
97388096
95670479
64512218
35715135
99390448
58085242
32571588
92717998
14006713
72857640
82921308
24617956
94652739
53311176
30859819
14105899
24495650
62734947
61352928
62643995
47823240
81458212
37520641
65054505
85863730
26360685
77848428
56264814
92296323
38570216
51867330
18728626
18602916
23217951
11144241
34343333
64438077
95784539
44916285
68285568
79569500
16106679
25212279
17112930
41567892
41395390
24233461
98218612
46822388
84437236
89846980
63534826
53305017
62151978
86042398
33099545
26096303
76520401
30996585
96357015
33814075
87673454
98262857
91671356
57621649
30200405
63750032
28002737
68365619
21902715
94519683
63429027
61736580
67962666
57996716
58969819
63183886
89893406
75214959
81366454
64522078
83147005
71107317
66995009
86043167
94459826
27154121
56428525
74035548
30980704
30582405
12189299
27449742
36369129
30785730
43047549
37575421
61059230
37421563
86969115
73813204
13388961
68191189
64054528
47699938
49059073
98314982
42101774
31239836
65007130
75787683
54610084
89670754
58799417
33195799
32750490
57637049
18941544
77662227
87834998
83866430
35056911
10806818
68758159
31043710
35754179
21180035
47807937
60663083
67363028
43289589
34077319
74520171
70516710
15779863
65860971
54001962
26446149
19687920
82818472
27266051
64017633
89564815
31181302
79032457
45053088
69765625
60360283
51046532
32209679
78932999
38775370
26668860
47227714
99032439
46592391
39190116
96035903
80013349
62163621
63684750
90220384
62085489
63423074
34317012
41138330
53463348
10432617
34255440
96399569
56350869
53631421
51213082
46999748
41500506
89538673
98434861
98128629
61063908
38146650
42757831
60921812
81868931
27978223
85544428
39370910
11815835
83521275
36097879
63136786
83252564
85775701
86720923
70308880
52712169
41002163
61090546
96617749
85976473
76668224
59660561
89600238
73446530
20681225
96018240
39889586
85766407
78313655
61208147
40036620
49026450
31760548
15710802
69399634
71987567
43987633
64753199
79613079
59588961
45923648
73724630
28133895
76990832
87410407
95192102
73865146
78093644
80475536
99717476
37910652
59343827
70961649
37596748
75645207
90800781
59616619
76315767
15394018
14519985
14363619
39560714
77194734
69499213
38886853
77915754
82468779
35289402
91668992
78834742
52367769
43650779
33250359
86156844
14975853
41993590
97557995
82013311
49197018
20939008
73498392
83484761
43518309
42216885
59891528
21780950
74250122
78475926
91492309
61465848
77397293
48258250
94907280
51751372
42358520
72453484
75909434
66677240
56097307
60366549
98333787
11145290
10352274
68408041
76687037
53773310
40263080
52214386
20718449
15956382
44688809
71975479
17127740
65936898
24417629
90832886
90359057
87506534
45999362
23286252
60512384
30571421
39283563
51870749
69899706
34756292
98657517
29775452
31531980
63403299
48055312
21028431
20592689
11189122
92134854
41319049
37757748
13480773
85452931
90550178
66082280
17370661
12218799
92599119
52352816
91139214
68111584
73625757
31925909
16849548
75253432
70235383
30850624
21920869
57330991
24798158
24136637
92514515
28039745
99328581
88894788
55964645
25295342
39491577
58954216
27331524
62068423
10040026
83471750
28349684
84994930
40395513
36597429
85717419
36506509
73059464
12060056
44090076
77561452
44146747
76577044
89653083
45168509
64492581
44446257
23701122
63084329
88346342
65115506
82541313
52042406
65716921
13381741
85818944
37156204
47376655
53696672
81919271
44078143
61923501
27881712
65506983
26334348
26174143
80156956
46722406
50104428
69900246
71734300
48937497
38862791
77490620
53601165
35360321
24989869
29657954
31098198
35517252
89434188
80120394
41370348
97767894
36494786
94984043
99974471
87420162
78351773
18794957
99884946
89868016
21769208
54593680
73654502
82359516
88182020
15774910
20018610
92436821
19236204
21283080
87370888
81575664
38068410
76357985
13672754
72112511
52444357
54617733
62564528
68217495
16943713
55263713
51334454
17716311
68090912
24693922
62600238
65136717
49087342
18128513
84100565
47229152
21628859
77343534
82345782
99501060
10010413
61597049
32446728
41559534
35715817
17371890
20839646
34232104
44279915
62646101
82746151
75563462
73599852
26596745
70219190
20216907
55811419
57064572
11057195
31016328
28001439
48267826
64455285
16525020
38765556
17223359
64457570
53704823
92390397
50914714
40823702
13293237
90935756
95950550
30624673
29026874
92909549
51010850
50171293
11666657
28592053
92396982
22394007
50690519
54109810
81915287
33422105
76137818
31211252
58500772
33687986
65257606
80064596
24595554
50132929
83129371
14723629
82520650
81120870
12392388
13725876
32797727
56991020
58472800
60928798
63654117
25265849
30106274
96979288
22574846
85387259
69778757
34397339
46675907
91857797
21566198
30035431
57837625
17488082
92577837
70815193
37637588
46940948
87547211
86310307
49661121
21277369
37666100
86600516
80892260
75098038
23995517
87810449
82302989
10468767
10858685
78509762
64331461
78453113
30361732
82001520
83878345
94519614
51067408
71372414
66380272
93420767
18667082
97987368
95947415
90951627
66617083
79742799
31541459
81374290
65952774
79622660
90348011
54411370
54655417
63086608
37694407
21345052
95801331
56813750
81967044
21886220
37441093
45783161
78908811
66319453
81718096
52410649
64852782
84812739
31352672
62059406
77047108
50924956
56593040
71491951
16525205
65282890
68133611
28998529
94484046
73072008
78457387
14185237
16106740
40388239
96076610
13155878
89992084
47158088
65514723
84354187
80015028
16703230
28735168
50447032
83791290
94926501
27220824
20427880
13235750
55246558
54534031
46212715
63790476
29468491
86442525
61505348
44189019
13206230
53461531
82629998
29130644
47298061
55736862
46869461
35211269
84915883
93022455
86777570
14816765
87941000
85416036
27746020
60053260
31402855
81453654
26404916
13680207
71834536
58680185
51623976
54592464
84876488
92818579
99073878
64171120
71418831
63612712
61094448
82530548
21039636
66697906
59558925
25133512
70106821
80326010
15496317
52641181
28449371
62348730
11392492
36260562
19477875
15188423
94895773
73279721
85953401
76521061
83609559
22363768
69131436
46919472
11935265
61908051
46556154
19737331
75163790
19379755
73075448
73181356
36519910
66707255
93718884
21117520
89371054
21978276
19288321
39496716
80285164
80389018
24934998
25465739
96317812
24565255
64758227
69805599
39770122
68424811
22543584
47646249
53477144
14925142
35816316
36311824
58953171
28277608
68339867
59278684
20148964
58248978
42047991
84862973
95967922
32824684
80674970
21651051
89792791
42875084
95030879
77269471
14644891
57869346
66491751
89048172
73296636
51843372
14428885
77153848
91059409
10410848
18299841
40412424
28360111
81028754
88711142
83337656
51808808
54757346
68979579
43398075
78650067
89178456
22718555
12723427
52142166
58079021
18307636
88827123
91155973
81333189
51156068
44248921
87395957
24010912
29756588
76444328
56785630
10631260
60906368
42474424
13829153
66133481
17265949
15655912
79350666
92191622
31120770
14928904
46610818
82728671
26836831
25579746
29766655
46123794
68030117
58438317
17993533
13577767
62754511
90930661
55753304
89244594
66286343
79346370
30225946
53043559
99898469
66861744
96207958
53611881
37060672
96561410
52020145
41493194
55602306
58325010
65122158
42843322
70175045
37598669
26295268
28474053
93720584
51601698
26488549
79379995
69954841
53091712
66202750
36769697
72363284
75988343
12674971
68991685
13470908
99787221
24697470
20811334
80676040
36504534
96354300
53752872
53615940
70841134
18896698
30023285
41418064
32941384
82068967
55869793
39684244
98836504
23318606
63793600
31158502
38873911
19405389
32541462
72373194
97321514
78849624
99707665
33196796
60683382
53881992
53256290
44648758
50420614
16902445
57830708
74396938
60163499
40990638
99718620
94749514
29547396
98170572
81194707
56579630
83982624
68758898
96752301
71306768
59194933
75340896
70227046
89066596
83404900
34444696
13843187
32400084
32485998
18520918
54493413
86289744
92448943
31002775
31184467
73038875
40492896
29290757
87605012
25741243
14693875
11263613
83132622
61594978
41728898
58203846
52556088
80098499
19799102
84741299
62072512
38354976
27279456
38389725
71458954
89307861
54175080
15517902
91414470
25696179
60522072
25149516
98161585
61415294
24675845
47334551
65243955
89518145
33673142
78516342
96343369
30552038
47172023
24509858
96568026
33318983
37582517
13184697
58128600
43951403
61475967
97981284
73963156
78196027
82271908
61829526
81029448
75650513
73870405
20712138
86137908
81204228
83200759
84001201
89443919
69995375
27913351
45585382
90866440
87581321
57489322
89325126
77600510
77374625
40813471
35510065
63203174
40684910
80994717
43527047
21462775
36816573
75859843
74455977
22390401
66599442
73828685
31318000
73888849
14219057
94627619
81584892
48329728
60484745
84284667
93903081
92046360
20044479
76627934
14480533
38484334
17022911
60844097
69268932
11370300
13457161
80140295
25311689
92595135
60249587
34973620
12058112
72653850
73915133
37911326
59309465
80939609
79190273
48591246
44406746
92847531
68020156
36003785
54549259
94987642
26557015
98588393
16694369
42314794
63263273
60685653
18236330
42901161
51058107
30848372
90186889
53818994
21876774
15296444
97632984
72308905
40499280
86245701
99965805
38752963
65958831
29362661
47165330
30003357
75730363
94411026
99341910
75837190
72942184
96094631
62519181
79909102
51766616
50647652
18518324
26882576
34214112
12353291
76577549
80012249
37848970
33655432
38504884
36311934
69245589
44376195
50938219
96168409
29016410
81568218
60754441
38166843
91453112
11890252
78719771
61328472
90579085
43081799
37063432
32853408
85011586
31473801
26063502
41501081
13497663
23196484
12224715
84897654
38015104
97340638
21930761
97953212
62981021
69852480
77382988
32543938
93908619
24096188
17422610
87510266
65366713
69610467
91982379
62074636
40646379
78229752
70704246
73889579
75474276
14070375
34902414
83070061
39744182
35605667
49848616
93908306
75708917
36265204
35506555
84563707
48249731
64599215
74700998
55605532
90565742
71991132
95856556
76906131
59218697
52569741
57966914
91411733
67204282
25250186
55381401
34653059
74161422
25067787
18619756
97476990
55574603
37945057
79135375
30534019
27708301
35442288
41077795
93189985
30788552
22259915
15030936
71203138
54858178
88838662
37353492
33742595
30202708
63133323
43459696
88403708
76253140
42242032
79080844
22994054
49870197
32933418
76442097
95439087
73043026
65258357
87941223
29760434
24766426
66634713
64826611
86563554
47184533
98881539
30059648
12138602
89328726
36982252
22537126
27857578
16153963
63493667
95209145
39791427
49766159
94555337
97350682
96662550
16452647
19586890
63481792
34963612
89656810
64043696
37011312
33302146
24867602
95198500
87317490
36110835
11674323
63175912
12193080
37794594
80186776
27179147
87016457
47366513
22122986
17802242
68516396
43313804
83635941
48688802
98573556
14675943
67100736
68671104
10654509
99686882
61855267
67092820
67965512
60627082
72541396
51552816
17669657
85466043
32980986
57939174
14080183
75967067
55769168
33112359
79760035
69015097
30439044
57363048
41681922
24150623
58628725
86379900
59000112
73669847
57750850
25755074
61297925
31267828
18241472
98287953
28883001
93594446
22151747
12037990
28185611
48512024
53875714
64242949
17059342
54158413
25158005
40642261
23022716
93424884
98503996
81079924
67723232
24214967
21862099
35335117
39863294
32796175
98741077
15424535
13452453
53892958
44139426
26465221
43442350
50910563
30119654
30886911
74725003
76074991
39872802
17954230
64619014
16349402
81760383
78367274
81992324
12574529
73579525
48094296
36352173
53934337
47547926
37595587
77450216
49570068
68577056
32046720
56227775
41060508
83122911
35132779
85432186
51501642
53064229
77375385
95517595
10820400
14658949
76971184
96413209
57850212
16004690
44897561
23463290
31328673
95271076
12770234
72939261
44049814
39089230
51237327
78027177
72184927
93708456
44803903
48139072
53326805
98358896
61096191
40659507
64729539
23912565
50091179
59910332
72330524
11918289
18882705
76408124
34087040
79668261
15185516
64099143
10687096
19177161
92577592
36580668
15262483
49414487
50361637
33144806
63923010
39430318
34120898
96856362
40364078
52460077
65304353
89750286
67572348
39991672
71331927
17653493
96833384
25550489
27923829
25005095
15430321
61557853
95931570
15731444
21222601
86996045
99133471
81593251
61955925
51931593
43157283
67609222
99922688
11221674
50013621
30695745
81789129
10383742
66257128
25983981
60996903
34062884
29415188
89965327
59242263
34980581
96548737
24051215
40829744
13086739
77651792
17815769
78461460
26915001
52485325
88618662
28229571
74104218
40222975
86891314
29744037
44558210
73113528
44468069
19133912
92804729
67523617
26561020
73719747
46345822
38373322
51799212
87545632
45181688
82601119
78090358
15587211
27572599
10205142
55241249
32646524
34105384
20873436
14798691
64914196
92805051
36267615
23463486
65832316
64767521
77397302
20411348
50829983
44828101
40628431
31617115
72738598
36675536
43781007
62423047
38343096
45601019
71837547
88390108
87406879
49210392
36730060
53243059
32732529
93188685
94947525
55313809
67938723
57145635
42122346
38529947
81011986
40916338
97673175
28505928
49137211
83545691
96062418
50530712
15879954
58381218
75763880
29423477
75339155
35875591
98198128
68859604
34728216
80004561
30156448
25536485
45742562
73958824
68395580
26046179
35883384
42569744
47502893
83088476
86118242
12701643
56969913
66070550
51104064
73202537
55743723
46014260
41644778
18645461
98607230
44992491
62828372
65143506
93156686
51017774
23133387
36788247
73638993
13354998
87686256
60566720
70043302
74247159
22693433
74378995
55371430
10313435
61671991
50228119
57965205
35331342
18494967
53869254
26985210
16101185
18027022
36284373
81207472
17931362
79656861
83628384
18623102
47073865
98497416
33319913
53018057
34695408
17496139
94159553
32311812
29623845
43974200
28857575
37775530
26104056
14661300
81783765
17307811
35550838
26768956
91216075
52292336
76092563
81486376
22658251
86900425
97988036
23527538
52711120
18975063
80736998
47255013
25628419
99672055
53306684
97556941
52587093
36074979
93937551
73918284
39281471
66821363
30079806
68786710
16489086
10222397
66778596
55752211
14143962
64653284
36980624
38773371
62522916
22129465
17310792
13314585
35184443
10731054
80399788
20357981
87988360
78132474
53526550
41783977
84656138
84052095
16874303
66195686
70411628
80255632
35519355
77854972
10880564
86488110
53844708
18185647
92918663
76916637
49999728
13447522
69130404
63308262
99594569
79139825
97328976
83665481
66625992
65328608
19936595
48399568
98163487
42786717
36935118
52699871
83980809
20359040
73214995
96806437
66857001
62966395
92912015
39417587
94726892
10769122
77742018
92668710
53728064
29171271
15376734
28457287
51766143
55343785
35415445
91394707
59566761
21514170
64597022
21582898
56683682
55668262
11077541
26456807
66283459
51150562
63700334
84560073
72949216
21508584
94023114
93746124
86693636
64952581
30996901
35965450
57153039
97132948
46248343
15631820
55921693
22923860
46604079
30775920
50324342
62100794
11561773
33165458
17054231
47660559
98945518
21132470
62043997
81490973
16100423
95362434
50547172
24176472
55095377
35089930
10439886
86521575
78877915
63362121
12326536
60817113
58011270
33140291
21612052
16979677
78835464
82444673
60550405
10716936
60871565
69167690
66224903
70761757
98746832
95502271
28390743
13848283
87339265
28346118
75440507
62028193
76074400
31487337
72434853
24970301
45447479
76532111
27890285
45031304
86024401
55670601
90381035
85386359
16193799
90540129
62106350
13310817
41334706
28188778
47544011
34556851
68580916
88394238
58043576
74557768
83653313
52070964
52273243
90510420
50375901
15346624
67831200
59249777
99060437
60058739
64749356
60519462
99523514
83702410
42655510
56587823
79377889
82225404
75569669
13655919
80460238
86639658
12890890
36696283
17096426
96264830
76320790
89806610
20589461
65989973
64664325
49633951
83492053
38300404
67954133
57807113
31577602
80991813
33727731
17721639
30814939
66708882
65874027
26594122
91919985
71704817
73097316
32432505
96266621
58698694
60543821
89112577
14925708
20279361
94265507
55256887
94013907
23568961
83549207
10610541
32174087
59158350
17435728
59645510
94364171
73571326
69829155
30318658
43713363
74134043
67832879
32647166
21335832
23563803
90629721
13754980
71894579
34236044
78622451
69076724
19263038
99305992
84407472
43954466
25842061
80323979
33466798
90977770
81489660
52264284
28836662
98003214
87577900
98206841
51456390
11404412
20139951
89029946
47091436
80258725
46853383
68611801
73520699
72147233
11723281
86033591
92484473
85047382
32323652
14130720
98237179
23551132
35402067
69072980
84818090
78584390
13470917
84169644
95456423
60919686
36095828
76593597
16604878
93162495
24174612
11264317
52342532
89152324
87381751
58526475
36512203
35015257
26170425
31087815
74512773
83765702
17622097
90748611
49407801
34895780
71727747
14992118
98623933
80107169
88792593
52736404
17472557
99340311
83634443
31746722
31921330
30135943
68952509
93824762
22948194
24559582
39207645
11597048
80593687
55190534
45695322
27404005
83439035
55596376
59323035
17700870
89627544
23612852
73989564
65714046
56739619
41213543
94707137
19983152
83565546
42178187
43107039
53444694
93222174
18198071
69395130
78617035
44830463
74921509
77459083
87167125
86679381
80376654
75323799
33381701
60888518
78433609
62662386
94963852
73434794
32240946
80085157
21366188
49386106
96911112
82124203
92690739
67571533
51659232
20263479
92729266
91558763
60206360
78591797
62030396
35776542
44713909
77741688
79917503
48945658
73668483
11930894
33213608
31133606
67537492
19206110
95736947
36134102
33456352
67612109
53661600
53326974
81132656
32890648
24081054
28846695
76208250
83015861
88249932
28915696
19744596
95366290
56012156
60365030
75497826
58693754
69915749
16290822
99572294
17624518
63908952
65596038
88003584
73837027
83588985
58487738
35872894
24284001
94233497
79859459
47407467
23683856
99059087
84489120
40496483
22544219
81645485
93557502
12775988
83621503
27838583
71913965
94739187
22007334
77044047
97892970
33416961
48606852
85643027
14715128
88895364
55038974
25188033
71415942
47204016
12727093
28464312
68727341
92489182
75746966
35807829
90761781
65117846
40552797
40361250
60363955
27998592
63490831
54970321
45540700
94347047
81599430
42851243
85174707
80781291
42797146
54560326
66034711
33571893
89570619
30256132
84709525
59759157
36920513
41080467
62827241
62022933
65171210
34401083
29141018
72294661
53224448
62651798
43516858
54998862
15651112
32374029
51093321
62565995
90649796
73081919
47203353
69179204
98524723
78398271
41049484
66975450
34523980
92359703
51673702
81285646
26618155
96879060
54826069
39175172
77359195
47281947
76821221
79282380
31808215
65010858
23096122
35574569
60551754
60267865
83083538
76960586
99926118
36111259
27548001
28065155
99383199
10254559
12204760
13503400
15356490
34253231
66033788
30713527
53709223
39551561
17719613
81062940
91924076
57020846
96282357
44073058
16344128
16752727
48712969
74144063
15280273
73884692
70484258
84311845
56181581
28265612
49544977
85698446
58944292
55481782
29522870
80171331
86780745
33871357
99545735
43921232
92784918
85204924
77636166
55005354
90899936
42486193
21137003
78626809
57015025
74075613
40325604
99535712
45292204
37765596
76569061
72323568
93454028
39736631
78608878
17666523
40727525
14645187
50292496
63516666
13635456
68878128
13692232
95949389
30126697
22467872
17054967
81637639
85662406
77211598
66373941
57294518
32873052
13864665
21048474
77850602
92277621
59109695
48401367
21096805
52356527
41240966
58801123
29934853
56367121
10943034
51198421
76754103
52274599
32938250
85561632
73725908
27843399
93143172
43941111
89197268
77847112
35754816
28244191
34984394
52340906
69349536
88520675
17597894
99557767
82364491
53267975
70810220
18569481
52323926
83853742
92595900
71430536
55721499
74772885
27342317
61661012
27557916
37911320
87595599
63328157
77068680
34639830
64893419
98126533
43548905
45209505
63340038
17999396
34446795
74773694
35032951
57515839
14472086
44250785
80600365
81161009
11677604
75983015
15712652
85047290
84869736
85529455
44378967
35737011
97047078
67127770
65672570
15243697
60020906
61378264
34855709
70036775
52368839
47019625
83531482
21709452
20968720
92791031
69381806
83802620
10641693
61931940
93555630
12197474
89753612
98779001
48891192
27240842
95561354
91189909
12040726
91646982
92251706
58056744
13896408
81572949
60998481
35233222
70423779
55295012
97160712
12865072
51854472
81130175
85510737
92951666
56100580
13568948
56894018
43328497
35875862
38116507
55226837
31393363
76391107
86390302
95217575
74932697
46154139
63861313
12998581
43275566
57686870
22887592
25461231
70373890
38933545
77462254
63469951
31519962
69947916
74714469
74122530
38250165
85232312
52309650
50397821
50107729
25571495
79111668
23510907
13189303
72599633
93848544
65969487
58941874
61419099
97619026
19529438
60309422
39692702
51561397
72475474
70502229
86445583
25245139
64196707
72432407
37849835
91750838
26242464
68361339
13989022
69468926
16890880
13115995
33050093
91526815
71425661
57441368
48373269
59837037
57066321
80865355
72564461
17415681
17223042
41551340
73436082
24260961
23218933
99614637
78742569
61098753
70446550
99776958
12684398
44826450
16627026
16388015
93284963
33067268
45874977
63366249
64687312
42582685
91505746
85647032
84329697
63716801
75223043
93387860
49585494
91667965
16536082
16039879
22736722
40636104
99913762
36730893
92243304
14314053
92261244
87364807
33104140
98552477
78116454
64889508
47956721
16258174
18862306
81278569
72273269
63122985
59447357
11379551
26239195
21513976
15805090
40575569
70770285
77785104
43651931
21122909
24003344
68618260
87260179
10772981
43216130
76410985
30562818
33227291
21226604
67507899
42762753
59745401
97045695
94780556
73128866
25142466
32734666
83891609
79760488
84669569
29300366
85028616
52481833
38846870
81504781
28052523
53393130
19608227
68829355
26854529
28357145
99604899
99196583
23736583
84990386
61307436
33937866
45637201
49249301
58561127
61299379
31606522
56594749
75794831
19063234
19421677
88057324
28733731
87237909
40509704
42011617
36472884
51806688
23377452
33959336
74946480
30823861
75232361
33452061
56185653
63675232
45748234
14260705
73457360
47612787
87734961
14171094
95250140
39296939
43026935
23892284
26713895
82207663
94949263
