10006767
10010413
10030390
10040026
10042955
10043507
10066164
10096723
10098275
10098622
10110506
10128838
10130092
10149533
10153181
10155469
10173828
10179879
10183179
10189304
10201497
10205142
10205887
10217883
10222397
10237323
10248934
10254559
10270392
10273610
10281137
10287708
10290592
10299940
10303751
10307602
10312822
10313435
10327264
10331422
10352274
10366289
10380772
10383742
10387572
10394768
10398478
10405064
10405996
10406381
10410848
10416640
10428662
10432617
10433940
10439886
10449803
10468767
10475563
10495128
10495856
10510528
10511005
10513113
10515067
10520169
10529170
10548193
10563211
10564236
10567186
10578693
10592173
10595483
10597171
10602439
10610541
10620021
10631260
10641693
10654509
10655303
10665142
10665356
10679692
10687096
10695327
10699537
10716936
10721644
10731054
10732066
10735080
10755553
10769122
10772981
10773899
10775265
10775308
10777720
10778411
10796014
10806818
10811974
10812108
10820400
10825119
10828998
10840407
10856954
10858685
10863743
10873865
10880564
10892420
10914051
10943034
10946907
10957699
10958415
10959719
10962942
10979961
10999168
11007256
11013406
11039037
11046275
11047692
11050187
11050928
11057195
11077541
11082957
11084450
11090698
11110690
11114873
11115425
11137298
11144241
11145290
11163680
11189122
11198311
11215143
11218276
11221674
11230409
11245182
11247782
11259994
11263613
11264317
11304424
11307978
11311279
11323424
11324804
11325069
11341117
11354063
11370300
11379551
11388086
11390964
11392492
11404412
11410721
11450182
11461512
11491184
11498376
11522814
11536969
11552751
11560253
11561773
11582560
11597048
11601732
11606854
11644403
11645678
11646099
11666657
11674323
11675456
11677604
11677683
11692476
11694170
11701444
11710090
11710280
11723281
11761080
11772956
11796543
11800428
11807895
11814023
11815835
11816354
11830888
11842007
11846259
11854490
11857316
11863175
11867397
11888555
11890252
11911611
11918289
11927272
11930894
11934882
11935265
11936781
11948215
11963837
11971466
11975664
11976798
12017721
12020128
12027220
12027791
12037990
12040726
12044868
12047441
12056760
12058112
12060056
12067100
12081557
12122459
12123864
12138160
12138602
12139295
12163595
12189299
12193080
12197474
12204760
12218799
12224574
12224715
12224973
12252641
12258619
12268443
12293047
12326536
12328529
12330291
12334211
12335872
12353291
12355019
12390341
12392388
12393859
12394598
12395245
12402885
12409788
12414596
12421578
12426817
12432870
12462379
12471674
12488806
12529671
12535841
12561342
12569219
12569409
12570755
12574529
12594764
12623300
12627023
12632645
12635996
12647568
12650560
12673501
12674027
12674971
12682560
12684398
12700750
12701643
12712481
12723427
12727093
12727952
12737032
12761171
12770234
12775988
12778759
12787506
12795832
12824085
12865072
12871484
12876657
12883864
12890890
12894416
12901112
12911805
12932937
12934272
12939446
12951815
12963615
12995024
12998581
13001339
13005534
13043157
13052472
13056224
13067964
13086088
13086739
13096700
13098860
13115995
13145411
13155878
13160180
13168089
13170595
13171604
13179887
13184697
13186692
13187607
13189303
13190569
13190785
13197121
13202719
13206230
13235750
13250456
13256747
13264964
13265121
13269139
13269848
13270138
13278220
13293237
13298180
13310817
13312513
13314585
13324532
13328429
13340743
13346310
13350994
13354998
13371203
13373682
13381741
13382297
13388961
13389689
13392654
13422607
13441527
13443036
13447522
13452453
13457161
13469257
13470908
13470917
13480773
13497663
13503400
13510903
13517722
13530148
13544549
13554183
13557030
13558430
13568948
13577767
13582355
13591398
13613243
13630762
13635456
13646340
13655919
13660193
13672754
13680207
13692232
13703427
13705161
13707471
13725876
13754980
13766561
13772364
13780526
13785456
13787206
13814316
13820342
13827088
13829153
13842976
13843187
13845963
13848283
13854388
13857142
13861152
13864665
13886301
13886479
13896408
13906673
13909743
13920730
13929251
13964298
13969237
13986013
13988303
13989022
14006713
14043997
14044240
14049202
14060318
14066601
14067361
14070375
14071794
14074145
14080183
14096764
14103661
14105899
14106883
14127371
14130720
14143962
14152373
14162252
14166593
14171094
14171269
14185237
14198968
14212233
14219057
14225387
14247637
14260705
14261699
14266951
14269997
14273441
14274002
14281379
14285426
14294843
14295720
14314053
14315519
14325098
14336139
14338356
14342960
14344084
14352363
14363619
14366694
14384182
14423450
14423665
14427226
14428885
14430023
14431967
14436225
14440809
14444418
14472086
14477986
14480533
14482019
14489021
14515997
14519985
14525188
14526324
14560152
14577633
14587663
14590448
14598490
14600030
14604505
14615102
14617360
14637029
14644891
14645187
14658419
14658949
14659019
14661300
14675943
14683098
14689727
14693875
14694601
14699554
14701951
14715128
14723629
14730440
14748527
14752350
14765290
14770011
14780274
14783590
14795470
14798691
14803315
14804018
14816765
14818549
14819182
14827427
14831073
14849355
14852059
14868564
14901878
14906771
14925142
14925708
14928904
14931169
14942439
14966682
14975853
14977022
14992118
14998479
14999129
15018129
15030936
15047652
15048016
15060876
15062621
15064950
15082910
15085708
15088125
15105221
15184391
15185516
15188423
15195801
15223805
15225686
15228894
15243697
15245173
15247748
15253071
15255072
15262483
15278173
15280273
15296444
15308869
15327726
15332036
15346624
15356490
15364492
15376510
15376734
15381434
15385636
15387921
15394018
15396671
15423771
15424535
15430321
15450898
15456275
15459079
15459384
15463195
15466909
15469161
15480517
15496317
15509838
15517902
15527078
15529192
15541436
15543895
15554055
15569641
15584177
15587211
15596127
15625826
15631820
15641036
15651112
15652098
15655912
15659110
15669835
15675246
15675831
15679337
15682740
15684315
15689643
15707436
15710802
15712652
15717398
15718900
15731444
15734834
15741751
15745575
15746525
15769130
15774368
15774910
15779129
15779863
15794882
15799729
15800027
15805090
15865151
15869872
15873456
15879954
15891703
15907010
15908572
15924639
15956382
15962004
15962408
15974188
15976872
15992511
15997841
16004690
16012347
16021906
16039879
16043963
16050770
16062447
16092408
16100423
16101185
16102467
16105274
16106679
16106740
16111675
16131172
16137733
16153963
16166486
16170117
16172666
16175394
16189011
16193799
16200571
16211845
16219330
16219463
16223389
16258174
16266177
16268843
16290822
16307556
16314570
16321916
16344128
16349402
16366471
16388015
16388636
16412754
16429835
16442972
16447427
16452647
16477875
16489086
16491148
16504009
16510814
16513801
16525020
16525205
16536082
16538700
16542718
16551034
16555139
16561825
16583031
16597166
16604878
16611638
16624652
16627026
16628578
16642617
16679944
16694369
16703230
16722188
16745028
16747344
16752727
16764551
16780254
16791304
16796151
16797361
16811308
16812458
16821966
16836118
16838352
16849548
16865856
16874303
16875447
16890880
16891640
16894328
16896124
16902445
16909891
16916700
16943713
16948579
16951763
16971523
16979677
16996500
17013100
17017841
17018562
17022911
17023283
17039100
17053611
17054231
17054967
17059342
17061164
17063581
17067354
17070439
17072634
17096426
17103860
17112930
17127740
17139446
17165345
17177417
17184110
17199727
17205260
17209607
17215501
17223042
17223359
17223417
17235919
17251966
17256870
17260063
17265949
17266827
17270179
17279763
17290839
17293669
17307512
17307811
17310792
17321873
17322654
17325732
17339678
17341907
17342977
17362185
17370661
17370901
17371890
17373209
17388997
17393041
17403709
17406473
17415681
17422610
17424789
17435728
17436967
17461154
17472557
17488082
17496139
17513368
17519571
17524957
17545588
17556421
17570789
17587684
17590601
17597894
17601215
17615786
17622097
17624518
17624726
17637776
17653493
17666523
17668828
17669657
17698937
17700870
17706775
17716311
17719613
17721639
17721997
17736159
17738644
17771017
17793918
17794233
17799683
17802242
17803113
17809251
17814968
17815769
17823468
17845093
17850991
17853454
17854139
17863092
17867256
17891526
17894348
17896663
17931362
17938936
17948599
17954230
17958590
17962855
17973245
17975251
17993533
17999396
18003950
18004830
18009535
18027022
18040033
18052566
18053770
18058739
18077993
18085919
18109212
18127899
18128513
18153445
18174947
18180405
18184757
18185647
18186310
18198071
18213234
18218080
18231438
18236330
18241472
18250335
18252350
18252734
18257624
18265992
18267348
18277034
18284924
18288247
18299046
18299841
18306361
18307636
18323095
18334493
18338903
18372175
18410995
18417092
18424393
18445138
18489017
18494967
18518324
18520918
18550573
18551136
18565452
18569481
18570963
18572988
18582881
18584331
18588304
18602916
18606349
18614383
18616537
18619756
18623102
18645461
18645976
18653600
18662589
18667082
18697151
18711184
18711669
18718971
18725802
18728626
18755030
18758160
18780343
18794957
18853830
18862306
18870775
18882705
18896698
18901182
18905442
18911379
18927652
18932779
18941544
18950976
18961272
18962287
18975063
18976270
18984640
19023523
19047327
19058621
19063234
19063399
19066699
19085244
19093787
19101926
19106185
19133030
19133912
19138520
19152292
19174085
19175965
19177161
19179993
19189055
19206110
19212660
19215309
19220613
19236204
19239481
19240245
19260969
19261391
19262256
19263038
19264492
19288321
19289784
19294584
19312196
19312554
19322804
19363163
19372191
19379755
19389383
19391126
19392855
19405389
19421677
19438905
19453145
19456157
19477875
19488295
19489353
19489733
19503300
19505346
19509556
19511395
19529438
19569011
19578505
19586890
19608227
19614662
19629730
19631870
19660413
19663472
19665717
19668610
19674533
19677717
19687920
19688010
19718258
19719959
19722131
19724905
19732616
19737080
19737331
19742211
19744596
19764774
19787996
19799102
19804096
19827073
19831761
19832994
19835066
19835271
19850142
19885483
19888861
19894715
19895239
19895914
19898770
19902718
19921222
19936595
19944017
19956391
19970472
19970877
19976871
19983152
19996667
20002860
20007077
20018610
20044479
20045265
20046224
20049419
20070796
20075042
20079742
20080928
20082420
20095054
20096680
20099783
20105514
20121223
20139951
20148964
20155051
20168055
20172121
20180081
20216907
20222163
20251321
20252146
20255225
20260174
20261946
20263479
20267767
20279361
20283114
20293825
20327236
20344516
20357981
20359040
20371867
20387906
20402047
20411348
20427880
20436198
20459125
20466671
20469146
20489599
20502742
20508493
20524635
20526287
20529299
20533642
20566865
20567870
20569871
20589461
20592689
20610502
20617983
20618790
20619586
20659530
20675920
20680631
20681225
20696150
20712138
20718449
20721407
20722451
20729080
20751443
20756906
20758305
20782318
20782571
20783303
20784008
20788010
20788345
20795328
20805186
20810414
20811334
20818777
20839167
20839646
20857265
20861084
20873436
20887441
20888413
20899944
20915345
20915664
20939008
20939080
20958595
20968720
20970855
20973229
21023107
21028431
21039636
21039665
21041661
21045106
21048474
21050078
21053835
21058161
21073357
21077010
21080041
21096805
21110944
21116450
21117520
21122909
21132470
21137003
21151508
21178003
21178464
21180035
21196790
21222601
21226604
21262223
21264421
21277369
21278275
21283080
21288967
21289609
21316763
21323909
21335738
21335832
21336144
21345052
21355925
21359736
21359887
21360563
21364190
21366188
21380233
21381621
21386100
21387087
21412841
21416195
21425174
21425215
21431060
21452134
21453118
21462775
21480299
21497764
21501212
21506534
21508584
21513262
21513976
21514170
21544341
21559646
21561061
21566198
21571267
21578177
21582898
21582946
21594253
21612052
21628859
21646119
21651051
21654309
21658797
21659447
21660816
21668463
21674245
21676206
21676325
21677517
21689457
21690032
21692321
21692568
21695763
21698315
21709452
21769208
21769549
21780950
21790199
21791509
21843526
21859492
21862099
21869729
21876774
21885111
21886220
21897614
21902715
21907696
21908380
21913657
21920869
21930761
21930913
21932068
21935312
21939129
21978276
21981372
21984206
21998305
22007334
22009437
22014982
22034040
22071983
22095541
22098772
22120729
22122126
22122986
22128406
22129465
22139293
22151747
22154822
22158267
22169511
22170489
22172435
22173007
22215063
22218386
22219303
22225309
22242792
22259915
22283398
22297520
22311806
22314066
22315400
22315870
22321351
22326487
22343900
22345761
22350138
22363768
22366099
22371008
22386802
22390401
22394007
22419664
22425189
22427951
22438889
22442739
22463656
22467872
22481847
22487411
22494763
22497415
22532380
22537126
22543584
22544219
22558155
22559352
22564918
22574846
22598103
22604364
22640964
22649324
22658251
22663968
22665038
22679894
22687247
22688645
22693433
22693456
22698495
22703258
22718555
22736722
22737677
22749637
22781371
22791448
22808206
22816679
22822063
22825195
22835500
22837519
22864412
22879192
22883200
22887592
22888894
22910918
22911383
22913065
22917515
22917719
22923860
22948194
22973040
22989692
22994054
23001234
23022716
23022931
23035635
23053079
23055179
23059519
23074408
23078367
23084338
23096122
23124753
23130297
23133387
23136933
23137447
23141677
23150511
23150648
23154392
23157510
23161829
23164767
23187955
23193218
23196484
23217951
23218933
23226362
23248038
23251036
23255118
23260899
23277943
23286252
23318606
23329413
23329506
23335445
23339947
23377452
23391905
23393901
23417270
23418748
23432226
23443871
23446610
23461967
23463290
23463486
23479397
23500055
23510907
23512485
23524431
23527538
23531699
23542493
23544751
23551132
23563803
23568961
23596578
23603688
23612852
23615473
23655809
23659513
23660677
23680563
23683856
23701122
23733756
23736583
23745384
23745398
23756396
23763311
23765026
23781977
23785965
23786494
23819176
23820342
23822625
23830459
23840621
23848571
23853157
23854190
23857840
23864769
23866947
23873849
23876360
23882711
23892284
23903210
23907985
23908003
23912565
23919347
23946831
23959461
23970517
23971735
23989501
23992820
23995517
23996387
24003344
24010912
24037079
24041566
24051215
24057644
24071946
24071996
24081054
24083015
24085158
24087166
24090522
24096188
24101062
24111751
24136637
24142977
24150623
24152707
24153645
24154814
24168438
24168598
24174612
24175099
24176472
24181668
24185735
24214967
24233461
24244215
24260961
24265319
24275821
24284001
24289706
24296681
24297290
24311656
24328279
24328618
24331232
24346803
24359074
24359092
24369052
24388290
24389816
24397151
24414810
24416452
24417629
24417831
24424641
24425303
24450995
24457517
24486089
24494866
24495650
24504351
24507203
24509858
24524115
24526703
24531285
24533026
24542622
24547640
24559582
24560012
24565255
24570762
24574955
24580753
24595554
24601703
24617956
24618331
24642590
24664369
24669311
24675845
24677376
24692171
24693922
24696916
24697470
24698375
24699870
24740066
24766426
24771185
24782261
24796863
24798158
24824392
24837947
24852838
24859266
24859300
24860433
24862215
24867602
24872293
24880786
24886425
24890078
24897834
24934998
24937052
24945907
24970301
24989869
24998897
25005095
25014262
25018811
25028994
25031970
25044687
25052863
25067787
25091262
25092784
25095421
25099877
25112665
25127475
25129704
25133512
25142466
25149516
25158005
25161760
25167133
25172677
25184187
25184564
25188033
25191440
25191624
25207042
25212279
25217968
25228707
25234164
25245139
25250186
25262932
25265849
25278121
25293118
25295342
25297086
25304505
25311689
25323023
25335700
25365811
25375476
25399728
25400772
25408894
25411001
25439557
25443602
25461231
25465739
25477534
25516048
25527869
25530806
25536475
25536485
25545685
25550489
25564488
25566053
25571495
25579746
25588124
25599930
25614876
25619446
25628419
25637640
25650246
25669445
25693044
25696179
25697116
25712567
25715499
25724830
25729763
25741243
25754435
25754893
25755074
25756606
25765812
25767685
25779552
25798135
25828863
25836291
25839953
25842061
25855564
25886263
25891562
25904813
25911235
25916523
25931673
25944735
25947491
25951917
25974172
25976214
25983981
25984400
25985973
25988451
25999602
26017859
26042695
26046179
26052945
26055969
26061089
26063502
26067020
26068865
26074813
26080531
26096303
26104056
26121752
26126973
26129496
26143810
26150761
26151173
26154964
26170425
26174143
26180215
26187996
26189023
26191489
26192816
26200395
26209847
26210390
26220140
26230123
26239195
26242464
26246830
26261366
26272524
26281006
26283071
26287597
26295268
26303296
26313279
26313548
26324379
26334348
26335194
26335248
26342219
26354231
26360218
26360685
26370956
26381261
26404916
26410502
26415538
26416035
26423957
26437103
26444577
26446149
26456807
26465221
26488222
26488549
26524252
26531093
26537719
26544682
26557015
26561020
26576463
26589522
26593870
26594122
26594768
26596745
26600014
26618155
26646941
26653888
26668860
26676402
26713298
26713895
26725906
26746221
26748356
26755266
26768956
26773964
26779083
26801766
26809495
26814790
26836831
26850206
26854529
26864303
26882576
26886786
26899460
26915001
26942933
26945856
26950308
26952375
26970712
26978570
26985210
26988512
26989710
27001224
27004049
27022626
27044522
27077431
27084358
27097898
27115102
27145974
27152177
27152967
27153273
27154121
27156665
27160633
27172966
27179147
27196589
27201637
27206605
27206989
27217680
27219422
27220824
27226508
27240842
27250561
27252506
27266051
27279456
27284015
27284867
27298968
27330024
27331524
27342317
27367515
27381367
27404005
27404607
27406971
27426138
27429304
27449742
27463224
27475635
27477909
27488558
27528969
27530520
27545304
27548001
27550389
27557916
27560146
27572599
27575019
27578733
27578815
27584493
27597474
27642349
27644940
27673750
27704778
27708301
27708360
27732374
27737348
27746020
27758817
27764374
27765920
27766254
27805442
27809806
27813819
27838583
27843399
27846883
27857578
27865607
27879040
27881712
27885365
27890285
27907937
27913351
27922664
27923829
27927529
27930074
27934299
27934858
27952094
27955534
27957081
27962846
27978223
27979641
27998592
28001439
28002737
28014566
28018260
28021101
28039745
28042791
28052523
28058497
28065155
28070529
28070534
28079031
28091939
28103189
28127156
28133895
28137555
28185611
28185638
28188778
28191026
28218689
28229571
28231921
28243875
28244191
28251768
28258442
28265612
28265731
28277608
28290936
28310325
28312321
28340236
28346118
28347033
28349684
28357145
28360111
28360595
28374607
28390743
28392394
28402801
28405182
28408591
28419814
28419974
28426738
28438240
28449371
28457287
28462727
28464312
28468832
28470952
28474053
28481933
28495204
28505538
28505928
28543856
28544382
28567687
28570900
28582332
28586164
28592053
28601645
28622133
28623142
28639779
28642947
28651003
28669740
28670831
28679328
28694288
28696023
28699016
28703473
28721753
28733731
28735168
28758021
28761075
28770342
28774761
28786798
28791566
28793683
28795292
28795442
28795795
28817586
28834725
28836662
28838639
28846695
28852694
28857575
28880298
28883001
28915696
28947268
28959523
28978596
28987939
28995919
28998529
29016410
29026874
29042523
29047371
29057501
29118305
29130644
29131777
29138056
29141018
29144019
29161411
29167586
29171271
29173833
29184056
29188904
29192491
29193718
29197058
29209114
29214083
29237178
29247594
29250043
29271676
29281177
29282894
29290757
29291756
29300366
29301191
29323581
29336457
29337372
29343130
29344046
29346528
29361090
29362661
29375427
29376320
29393751
29398289
29403598
29411295
29415188
29422486
29423477
29424191
29436930
29446462
29451871
29455674
29458523
29468491
29483113
29492620
29522870
29537038
29547396
29549445
29568572
29580821
29592040
29609766
29623844
29623845
29631164
29639781
29639791
29657954
29686492
29691280
29708150
29717155
29726190
29732931
29744037
29756588
29757498
29760133
29760434
29766655
29775452
29792181
29801584
29810955
29820212
29844340
29859654
29865357
29866330
29881225
29881991
29887890
29887951
29892824
29897020
29916781
29918606
29919418
29934853
29944015
29954747
29975917
29980972
29982928
30003357
30022510
30023285
30024798
30026547
30035431
30044363
30049092
30050409
30054133
30056399
30059648
30066572
30067845
30079806
30080032
30105917
30106274
30108290
30117310
30119654
30126697
30133973
30135943
30156286
30156448
30161532
30162027
30164804
30171292
30182156
30200405
30202708
30203284
30208017
30219999
30224741
30225946
30238734
30247601
30250820
30252175
30254828
30256132
30264185
30271937
30282207
30305307
30315000
30316222
30318658
30331145
30333145
30340937
30357651
30361732
30416112
30439044
30444446
30453177
30464351
30471016
30505282
30523844
30534019
30534373
30552038
30556602
30562818
30571421
30573518
30573760
30574449
30582405
30596551
30618776
30622679
30624673
30646556
30651382
30658875
30664021
30669115
30683893
30695745
30706728
30713527
30718530
30725206
30731275
30736455
30750205
30761379
30769275
30775920
30785730
30788552
30796905
30813088
30814939
30817528
30823861
30832372
30836668
30848372
30849636
30849698
30850624
30859819
30862687
30873952
30874344
30886911
30887608
30896124
30920417
30944731
30945340
30964970
30980704
30985639
30996585
30996901
31002775
31010428
31016328
31019775
31025763
31041008
31043710
31049903
31056464
31062201
31062546
31083773
31087815
31092230
31098198
31120770
31133606
31136128
31158502
31181302
31184467
31188655
31191272
31194727
31211252
31221503
31239836
31267828
31271432
31310224
31318000
31319521
31328673
31334755
31338758
31345008
31352586
31352672
31358557
31381276
31392109
31393363
31394801
31394952
31400656
31402855
31429936
31438825
31451529
31473801
31478433
31487337
31488131
31491720
31494384
31504364
31506961
31515207
31519515
31519962
31525221
31531980
31541459
31552113
31554745
31577602
31593265
31599366
31606522
31617115
31621549
31635567
31644606
31655316
31727357
31729194
31736317
31742032
31746722
31751027
31752175
31760548
31760779
31785384
31808215
31878397
31882085
31883180
31883420
31904612
31921330
31925909
31927118
31945100
31952967
31969250
31973040
31984946
32004725
32008486
32015346
32017668
32021637
32026403
32032293
32044606
32046720
32053033
32077866
32088719
32089150
32092642
32104286
32118387
32122230
32123023
32126852
32130453
32136952
32138016
32141053
32142887
32143520
32156519
32174087
32178817
32192236
32209679
32219114
32238749
32240946
32241904
32269616
32286144
32297360
32301857
32305823
32311812
32323652
32331502
32347253
32363117
32365479
32368750
32374029
32376958
32399912
32400084
32401505
32413488
32422094
32422398
32425975
32432324
32432505
32434036
32439691
32446728
32447885
32460760
32478565
32485998
32495566
32524736
32528158
32541462
32542707
32543938
32547339
32556181
32561098
32571588
32582462
32585470
32596255
32611983
32646524
32647166
32656928
32660397
32665097
32673323
32674586
32677555
32699711
32700323
32702376
32729035
32732529
32734666
32750490
32757351
32767241
32776628
32781352
32795828
32796175
32797727
32810256
32813397
32824684
32827014
32827580
32836475
32837136
32838472
32853408
32855291
32873052
32888722
32890648
32908340
32913988
32931006
32933418
32934812
32938121
32938250
32941384
32947028
32959043
32980986
32988117
32990439
32997795
33011566
33013406
33013597
33015567
33050093
33067268
33070605
33078772
33082023
33082460
33092716
33095238
33099545
33104140
33112359
33121661
33122408
33123631
33130605
33140291
33144806
33146728
33160176
33160307
33165458
33174350
33178464
33193548
33195799
33196796
33198883
33203417
33207735
33213608
33214440
33227291
33231789
33238920
33250359
33268317
33275867
33288705
33294830
33298048
33302146
33318983
33319913
33327270
33346056
33346954
33350456
33350724
33369673
33377894
33381701
33400232
33416961
33421478
33422105
33424590
33452061
33456352
33466798
33523127
33541236
33571893
33597072
33598436
33603324
33603811
33608708
33621075
33629842
33630459
33639119
33654516
33655432
33665992
33668030
33673142
33674932
33675404
33676033
33681599
33683404
33687986
33706613
33727731
33740437
33742595
33764056
33782649
33782971
33814075
33815169
33818116
33820087
33823076
33825743
33830192
33830538
33832903
33848686
33852357
33857470
33866134
33871357
33874399
33879047
33923769
33930789
33937866
33959336
33966060
33971294
33976060
33987622
33988750
33989266
33993293
33993553
34005781
34014020
34027432
34044510
34062884
34066866
34077319
34079801
34087040
34095617
34098373
34101924
34105384
34116319
34120898
34127717
34146045
34178428
34185843
34189689
34191702
34204225
34204756
34208651
34214112
34218682
34225537
34231044
34232104
34236044
34253231
34254284
34255440
34283214
34287967
34297142
34300707
34317012
34335962
34343333
34385267
34397339
34401083
34405537
34412789
34414937
34425214
34435184
34444696
34446795
34452759
34456682
34459302
34463236
34474305
34497477
34523980
34531440
34540712
34546479
34556851
34568035
34610283
34621297
34634245
34639830
34653059
34663807
34690050
34695408
34706201
34707969
34726042
34728216
34730525
34736986
34744956
34749436
34756292
34769134
34793200
34797648
34803977
34808812
34849314
34855709
34857853
34859536
34874000
34876643
34880664
34883560
34889376
34889682
34895780
34902414
34908926
34914213
34923756
34929726
34931951
34935088
34936039
34944891
34947333
34949171
34949417
34963612
34973620
34980581
34984394
34986563
34996688
35001718
35008696
35015257
35019399
35032951
35033356
35052499
35054932
35056911
35065324
35078999
35079025
35083421
35089930
35125374
35126237
35132779
35141736
35145196
35154023
35162896
35184443
35189604
35199522
35211269
35219522
35224189
35233222
35234079
35238428
35243684
35263989
35264354
35289402
35299514
35300357
35308824
35320762
35331342
35335117
35348902
35360321
35371558
35379998
35386506
35388177
35392098
35393466
35400744
35402067
35402765
35408159
35415445
35417231
35427608
35433223
35442288
35458825
35459267
35474645
35479156
35488064
35506555
35510065
35517252
35518652
35519355
35545120
35550838
35574569
35588987
35591955
35605667
35611702
35615313
35638346
35642145
35652707
35680269
35695758
35715135
35715817
35737011
35754179
35754816
35776542
35778309
35784423
35791764
35799275
35807829
35816316
35841755
35842082
35858356
35861017
35862140
35872894
35874813
35875591
35875643
35875862
35883384
35884194
35904284
35934290
35936863
35936974
35939188
35944573
35965450
35968995
35972735
35977526
35978777
36003785
36008252
36013606
36024139
36043093
36043710
36051502
36065346
36074979
36077786
36095828
36097013
36097879
36099515
36102658
36103602
36110835
36111259
36134102
36150876
36162608
36164717
36192813
36230078
36230535
36238585
36258801
36260562
36265204
36267615
36267756
36273446
36284373
36289906
36289911
36311824
36311934
36327093
36333695
36333846
36352173
36369129
36392479
36401654
36402333
36413031
36418196
36418401
36421204
36440291
36446469
36448844
36464297
36472884
36487549
36494786
36498976
36504534
36506509
36507399
36511728
36512203
36518079
36519009
36519910
36531061
36541028
36554745
36562715
36568941
36580668
36584674
36586218
36593065
36597429
36599671
36620846
36624758
36627430
36651251
36666068
36675536
36683057
36690068
36696283
36709462
36710453
36726846
36730060
36730893
36738893
36747769
36760744
36761561
36762553
36769697
36773310
36780201
36783886
36788247
36815432
36816573
36816890
36830279
36850909
36863578
36879991
36900945
36905026
36908621
36910642
36912301
36914712
36920513
36933293
36935118
36942005
36942829
36945215
36959737
36970793
36980624
36982252
36986844
36988269
36994578
37000047
37005311
37007246
37011187
37011312
37023074
37025949
37028367
37035967
37049704
37060672
37063432
37068388
37073313
37088262
37095098
37095510
37102551
37109816
37113770
37151807
37154167
37156204
37159440
37173107
37207671
37222478
37231161
37239194
37246944
37258039
37290395
37305100
37310592
37316071
37322419
37323150
37334149
37339693
37352461
37353492
37356451
37364886
37380755
37398525
37409740
37415120
37417440
37421563
37422896
37423237
37441093
37464777
37520641
37532763
37541049
37547363
37550290
37557503
37560248
37566065
37572550
37575421
37582517
37583473
37595587
37596748
37598669
37602023
37604984
37608985
37620132
37626192
37637200
37637588
37666100
37694407
37707609
37722183
37757748
37765596
37769431
37775530
37792753
37794594
37798730
37799071
37799627
37802149
37843161
37848970
37849835
37860453
37871172
37883595
37891997
37895396
37903730
37910652
37911320
37911326
37925687
37932392
37941311
37942744
37945057
37950401
37986852
37990592
37994971
38000445
38015104
38017379
38040832
38041538
38043322
38044448
38053755
38057366
38068010
38068410
38072381
38085072
38086700
38113131
38115024
38115450
38116507
38146650
38162380
38166843
38167058
38168498
38181790
38196174
38200966
38206635
38209562
38212600
38216060
38218133
38218284
38247905
38250165
38253957
38300404
38308287
38320632
38322168
38330548
38343096
38354976
38357790
38373322
38381504
38389725
38396710
38402566
38436791
38437890
38439350
38440845
38444970
38446410
38480098
38481477
38482645
38484334
38488160
38488962
38504884
38509082
38516875
38524907
38527355
38529947
38531179
38545018
38548010
38554119
38555327
38564048
38565090
38569281
38570216
38586305
38597544
38598814
38634531
38656339
38667755
38668761
38691534
38701921
38703273
38741990
38752963
38760382
38765556
38773371
38774977
38775370
38811067
38820325
38823912
38846870
38861536
38862791
38873911
38885630
38886853
38895872
38897277
38909368
38929070
38929673
38933545
38941569
38941970
38947208
38967071
38975447
38977159
38978678
39006321
39009512
39034038
39048537
39050112
39061419
39078308
39085112
39089230
39108419
39175172
39177261
39178326
39190116
39207645
39212206
39214407
39253629
39257610
39273981
39281471
39283563
39296939
39304874
39327163
39328616
39329403
39330333
39356821
39359529
39363836
39370298
39370910
39375803
39382425
39384999
39387280
39397552
39397617
39411246
39417587
39422215
39430318
39431639
39480656
39491577
39496716
39518399
39533060
39551561
39560714
39630568
39684244
39692702
39694193
39722000
39724261
39736631
39744182
39754405
39755252
39769293
39770122
39771255
39772581
39791427
39798850
39801766
39805398
39820425
39841916
39842038
39848421
39863294
39870741
39872802
39889586
39898226
39912407
39915057
39952851
39954047
39988145
39991672
39992828
39998338
39999610
40006552
40018619
40036620
40043119
40055500
40076700
40110737
40129221
40136503
40157779
40158397
40178917
40209070
40222975
40252999
40260809
40263080
40265562
40286449
40288738
40289197
40300096
40305147
40319451
40325604
40331805
40350115
40361250
40364078
40365380
40388239
40395513
40411949
40412424
40416714
40417675
40423862
40427534
40464410
40471724
40476734
40489006
40492896
40493918
40496483
40499280
40506777
40509704
40520031
40523365
40552797
40553217
40557006
40575569
40584842
40594928
40604080
40608956
40628431
40636104
40642261
40646379
40657472
40659507
40661169
40661745
40665900
40677187
40684910
40691809
40706089
40709486
40712352
40725761
40727525
40732773
40762887
40789129
40794270
40794589
40796828
40813471
40813993
40814091
40823702
40824214
40827307
40829744
40842180
40845182
40854159
40861141
40880098
40887523
40889626
40902079
40916338
40924719
40946758
40951627
40961430
40964520
40970591
40971954
40987199
40990638
41002163
41009683
41010082
41015567
41039385
41049484
41060508
41066578
41067602
41077795
41080467
41083409
41083547
41108345
41110055
41116820
41129557
41133013
41138330
41143198
41154648
41156941
41165807
41213543
41215565
41220626
41228608
41236337
41237788
41240966
41275702
41288664
41290496
41299838
41310604
41319049
41322349
41334706
41339953
41346197
41346837
41357990
41366200
41366905
41370348
41372048
41384112
41385168
41393586
41395112
41395390
41395542
41401925
41410413
41418064
41424228
41446447
41465310
41469015
41469846
41485290
41493194
41498409
41500506
41501081
41506086
41509463
41547532
41551340
41557555
41558287
41559534
41559915
41560341
41567892
41570026
41598801
41628980
41644778
41658799
41665233
41675499
41681922
41693984
41699127
41699299
41701640
41703786
41710014
41710746
41725022
41728898
41732100
41753829
41772920
41783977
41784202
41786446
41794855
41810751
41811874
41846829
41852696
41861635
41870831
41914497
41918439
41923742
41925493
41940149
41944657
41949406
41953626
41963581
41971938
41974108
41978917
41984479
41993590
42011617
42012296
42016406
42030408
42047991
42050211
42059644
42060962
42065180
42077334
42077504
42090587
42095456
42099231
42101774
42109263
42110115
42120048
42122346
42147460
42169104
42175862
42178187
42184304
42190117
42194090
42203182
42210711
42216885
42218607
42224310
42240088
42242032
42251327
42256147
42264309
42270996
42273686
42285325
42292644
42292683
42300942
42312804
42314794
42321339
42341375
42342931
42347235
42350483
42358520
42413624
42462406
42470494
42474424
42482296
42485513
42486193
42491199
42496897
42501709
42503902
42513829
42527869
42531227
42549131
42569744
42576859
42582685
42593638
42596858
42646744
42655510
42660271
42679972
42705612
42725621
42735343
42736348
42745288
42751071
42753740
42757831
42762753
42766917
42768870
42778916
42782764
42786717
42792943
42797146
42803586
42819780
42821631
42843322
42851243
42852525
42875084
42892264
42894773
42901161
42906321
42912681
42915954
42932444
42932969
42938495
42942861
42949561
42956448
42956619
42963019
42968875
42968997
42969914
42971716
42974521
42977822
42986086
42990155
43003655
43026935
43031771
43032183
43042910
43047549
43050364
43063768
43076775
43081799
43095752
43107039
43114938
43117695
43125699
43127465
43127674
43142491
43157283
43168817
43178384
43188179
43189865
43210118
43216130
43217736
43229236
43262734
43275566
43289589
43291223
43296745
43311075
43313804
43328497
43358770
43363041
43364206
43379551
43385446
43395657
43395974
43398075
43407033
43411850
43412558
43442350
43446421
43450738
43456878
43457303
43458993
43459696
43461035
43463079
43465455
43469788
43478422
43483290
43508189
43516858
43518309
43524797
43527047
43538404
43545067
43548905
43552150
43582931
43589628
43590872
43593266
43602102
43616292
43622112
43637843
43650779
43651931
43653691
43654737
43666513
43668767
43670413
43674824
43676345
43698151
43710219
43711577
43713363
43713551
43730238
43733834
43735243
43744515
43758340
43758935
43764276
43771526
43781007
43786047
43814383
43819432
43823023
43843767
43846416
43853567
43868796
43871036
43875548
43883454
43894708
43897125
43916005
43921232
43941111
43950411
43951403
43954466
43974200
43977537
43986100
43987633
44005343
44005437
44017250
44029315
44037681
44040711
44049814
44053807
44057822
44060318
44073058
44078143
44090076
44126625
44139426
44146747
44149350
44158687
44160731
44174992
44180066
44189019
44218392
44248921
44250785
44252137
44259530
44272724
44279882
44279915
44281047
44288847
44307098
44321996
44333398
44366227
44373494
44376195
44378967
44381078
44387519
44392410
44392740
44398103
44400673
44406746
44407268
44429450
44442722
44445599
44446257
44446915
44460179
44468069
44493595
44498276
44526290
44526960
44535856
44558210
44575335
44575602
44579582
44597384
44598909
44601201
44607944
44611361
44628524
44630728
44632195
44637733
44643272
44648758
44665798
44669017
44673334
44680988
44684400
44688809
44692688
44693062
44699882
44712632
44713909
44726958
44745064
44752053
44753527
44763008
44770981
44782352
44782709
44798567
44803903
44805003
44805773
44826450
44827397
44828101
44830463
44834490
44853332
44859278
44875931
44877499
44893300
44897561
44916285
44932365
44941154
44947253
44962900
44968789
44974125
44987090
44988203
44992491
44999224
45000859
45008189
45031304
45053088
45056351
45066355
45076083
45077502
45095064
45107372
45119714
45140146
45149192
45165934
45168509
45174911
45176063
45181688
45194640
45194873
45195693
45199288
45209505
45229813
45232270
45241264
45251542
45270565
45275484
45292204
45307623
45322043
45334596
45335592
45343156
45351674
45363299
45364707
45391164
45402861
45413045
45439739
45447479
45449379
45453540
45455031
45459129
45464773
45470659
45472644
45482778
45489832
45502132
45502609
45527665
45533046
45540700
45543011
45560395
45585382
45590132
45601019
45617285
45620263
45626102
45631238
45637201
45641944
45655606
45675177
45678053
45695322
45698391
45703468
45706463
45706992
45742562
45748234
45757880
45762241
45780035
45783161
45784741
45798706
45807924
45816244
45820680
45843994
45874977
45888510
45923648
45930560
45937650
45951364
45973554
45975094
45977285
45989851
45991546
45994506
45996607
45999362
46000151
46000680
46004964
46014260
46020348
46096523
46103672
46110430
46115593
46123794
46154139
46169215
46173379
46186278
46197326
46211737
46212715
46230350
46237479
46244150
46248343
46255201
46260549
46264132
46279703
46291337
46304794
46314597
46316738
46341864
46343718
46345822
46349255
46353897
46378286
46379550
46408592
46430440
46437710
46451313
46453493
46470428
46483415
46489937
46509219
46510454
46517735
46556154
46584378
46592391
46594055
46595196
46604079
46610818
46640542
46640598
46647428
46649959
46658157
46665682
46669002
46675907
46679367
46693342
46710972
46722406
46735080
46763595
46776860
46800982
46805850
46808589
46811895
46822388
46823777
46825162
46831851
46853250
46853383
46855808
46858474
46866047
46869461
46883212
46885176
46888161
46896130
46900372
46913656
46916598
46919472
46934404
46935897
46939251
46940948
46946757
46950248
46957817
46968356
46978788
46980624
46985584
46987925
46994437
46996957
46999748
47001850
47019625
47025622
47029754
47038417
47038454
47059147
47060476
47073865
47091436
47093940
47107180
47120921
47136570
47140595
47145470
47153082
47157881
47158088
47159829
47165330
47172023
47184533
47188955
47191231
47203353
47204016
47215026
47222505
47223987
47227714
47229152
47248616
47250787
47255013
47258467
47273729
47273881
47275144
47280223
47281947
47285075
47287726
47298061
47319597
47334551
47339047
47366513
47376655
47399655
47407467
47412954
47416417
47423786
47425164
47431190
47467138
47481025
47482479
47493039
47499778
47499831
47502893
47539455
47542218
47544011
47547926
47556022
47587348
47598017
47612787
47625545
47628219
47646249
47660559
47664131
47665394
47699938
47703549
47722937
47726422
47732665
47806851
47807937
47809534
47813031
47815641
47823240
47834670
47836118
47838649
47844872
47855832
47868547
47870647
47889916
47894036
47910813
47918524
47939087
47956721
47957676
47961650
47966637
47985224
48015621
48029443
48035815
48055312
48059477
48070037
48070354
48082707
48094296
48106209
48113471
48120045
48125549
48139072
48151356
48176468
48179722
48186551
48200232
48207123
48207880
48209792
48212796
48213071
48239001
48249731
48258250
48267826
48271049
48283988
48293687
48302576
48324334
48325811
48329728
48344001
48344300
48361487
48362283
48368972
48369079
48373269
48399568
48401367
48402107
48436194
48439027
48449786
48470151
48471182
48488936
48497939
48507713
48508520
48512024
48512746
48515372
48541651
48558435
48561764
48591246
48591870
48595121
48601712
48606852
48610296
48610706
48617951
48619386
48646447
48662755
48688802
48712969
48734494
48737453
48738070
48748038
48759549
48762187
48767665
48770355
48782031
48782288
48782662
48784654
48789959
48807919
48812336
48828595
48875222
48890649
48891192
48909473
48909646
48920423
48925165
48932618
48935565
48937497
48945658
48952847
48957313
48962699
48965515
48966660
48987751
48995420
49001748
49008636
49018285
49026450
49042337
49044498
49049444
49059073
49079529
49082028
49087342
49089159
49114853
49125597
49137211
49143739
49147412
49170287
49172782
49197018
49197772
49199961
49210392
49215468
49215582
49237253
49247209
49249301
49249738
49251593
49274661
49279651
49284068
49290828
49294704
49316501
49326241
49331551
49338889
49338994
49353775
49354480
49374645
49380952
49386106
49389453
49393488
49398787
49401255
49407801
49410268
49414487
49421709
49448546
49461701
49469595
49474678
49488857
49510048
49523526
49544315
49544977
49562603
49566631
49570068
49585174
49585494
49596263
49601498
49633951
49648990
49661121
49663414
49664441
49678117
49681196
49684317
49691428
49700470
49718822
49726103
49741402
49741942
49745207
49754754
49755253
49757314
49763663
49766159
49773900
49782116
49782507
49786848
49799199
49803727
49817344
49836245
49846874
49848616
49854805
49863977
49870197
49880975
49882235
49904542
49909091
49917921
49920529
49925461
49974924
49981838
49986738
49991220
49995968
49997250
49999728
50004248
50013621
50014799
50016710
50027970
50029232
50030682
50041682
50043842
50058112
50063556
50069572
50070093
50072699
50074781
50091179
50094042
50104428
50106444
50107729
50114183
50114258
50132929
50142300
50142389
50142588
50144317
50154586
50157248
50169706
50171293
50176827
50187797
50189774
50197568
50213005
50226218
50228119
50229850
50292496
50312967
50324342
50325547
50327876
50334268
50361637
50375901
50380339
50397821
50406007
50420614
50421870
50422435
50433056
50447032
50458734
50459323
50460003
50460493
50461456
50477358
50483026
50491658
50511590
50530712
50547172
50554309
50577321
50615196
50620698
50622274
50622633
50639278
50646560
50647652
50651777
50653142
50659346
50673061
50677238
50689690
50690519
50740556
50758273
50762878
50775845
50803250
50811361
50829983
50836995
50844212
50844681
50848499
50849951
50856620
50861905
50875098
50879089
50881890
50882467
50885544
50893330
50902274
50910563
50911881
50914714
50918698
50924956
50929083
50933818
50937365
50937904
50938219
50941398
50941669
50943062
50947850
50957271
50963998
51010850
51017774
51024552
51046532
51053753
51058107
51064225
51067408
51091328
51093321
51102753
51104064
51110171
51112072
51113131
51120245
51120592
51143453
51150065
51150562
51152442
51153866
51156068
51157895
51170358
51174396
51187543
51198421
51213082
51232408
51237327
51238881
51243277
51267706
51284525
51287989
51293633
51315132
51321778
51329450
51333260
51334352
51334454
51335728
51345307
51363044
51383083
51384654
51384881
51389607
51394984
51400008
51400666
51402452
51426730
51454647
51456390
51459426
51463251
51472984
51481008
51499743
51501642
51507894
51509817
51511312
51511588
51549735
51552816
51561397
51575684
51601698
51623976
51633749
51646906
51659232
51660545
51673702
51691090
51697514
51700982
51708509
51711836
51724977
51745100
51748621
51751372
51757803
51766143
51766230
51766616
51769846
51779368
51787527
51799212
51806688
51807126
51808808
51809528
51810882
51836453
51843372
51850352
51854472
51858564
51867330
51868078
51868549
51870749
51889231
51894149
51906929
51907985
51917649
51923848
51931593
51931755
51933852
51954367
51964860
51982114
51986262
51993562
52007416
52009317
52010081
52020145
52027358
52042406
52046348
52063896
52067748
52070964
52077112
52103947
52107810
52125251
52141798
52142166
52148674
52161523
52169291
52181393
52193322
52198266
52200803
52214386
52239272
52240790
52246382
52260876
52264284
52273243
52274599
52280173
52292336
52295188
52298186
52302179
52308819
52309650
52317186
52321752
52323926
52326457
52329858
52331337
52331621
52340489
52340906
52341904
52342532
52352816
52356527
52358984
52361662
52367769
52368839
52379635
52398797
52410649
52430120
52431161
52444357
52445216
52460077
52481833
52485325
52485505
52505944
52506276
52509056
52510202
52556088
52569741
52570552
52587093
52594087
52641181
52654504
52664865
52668739
52670362
52678119
52699871
52711120
52712169
52736404
52738739
52754372
52782078
52800031
52805304
52810908
52817112
52830764
52863156
52886679
52894399
52899100
52922022
52930104
52931959
52941995
52944382
52963691
52973971
52993679
52993707
53001830
53002019
53018057
53020805
53027147
53041453
53043559
53045911
53048728
53053235
53064229
53070496
53081479
53091617
53091712
53093724
53101788
53108829
53118296
53151447
53161617
53166924
53179659
53190564
53224448
53240190
53243059
53254535
53256290
53256387
53260857
53261328
53262371
53264053
53267975
53273134
53305017
53306684
53310570
53311176
53319541
53326805
53326974
53329091
53338503
53343817
53349797
53360201
53363296
53370916
53384494
53393130
53398195
53399012
53410021
53411049
53426696
53444694
53447870
53450252
53450887
53461531
53463348
53467815
53477144
53526550
53536465
53539648
53592426
53601165
53607818
53611881
53613929
53615940
53620162
53631421
53649678
53654803
53661600
53666117
53669332
53672683
53673485
53685401
53696672
53703489
53704823
53709223
53716023
53728064
53752872
53765175
53765961
53773310
53792122
53815710
53818994
53821267
53838751
53842737
53844708
53866984
53868054
53869254
53872151
53875714
53881992
53887516
53892143
53892958
53897483
53909687
53914104
53914115
53920227
53929145
53932881
53934337
53953459
53963436
53976049
53991761
53997514
54001926
54001962
54003724
54010805
54012790
54020674
54034107
54044809
54050765
54077682
54085949
54109810
54120135
54134668
54158413
54167603
54175080
54194523
54227135
54232399
54257694
54257875
54274495
54276362
54288427
54294330
54298985
54303936
54315323
54315598
54339148
54351207
54357568
54359690
54360299
54389246
54411370
54412192
54416192
54440629
54451235
54474788
54493413
54497381
54519217
54526616
54526855
54534031
54539543
54549259
54559650
54560326
54575360
54576448
54592464
54593461
54593680
54610084
54612210
54615447
54617733
54619497
54627260
54630494
54634271
54635232
54635642
54641189
54655417
54657388
54677231
54684094
54689576
54697545
54718418
54724189
54727278
54732351
54733687
54757346
54773141
54796579
54811416
54816540
54820115
54824105
54826069
54833719
54837784
54842271
54848446
54858178
54861242
54861565
54870155
54888542
54893984
54907287
54935852
54941428
54948699
54949026
54958177
54959958
54960348
54962110
54965505
54968908
54969591
54970321
54975435
54987734
54998862
55005354
55011147
55033988
55036036
55038974
55057477
55058726
55067455
55068761
55077310
55077561
55095377
55100290
55100672
55116213
55155836
55176425
55190534
55190947
55215555
55217110
55217769
55224089
55240241
55241249
55241437
55246558
55256887
55261570
55263713
55281348
55294855
55295012
55298255
55303745
55313809
55323756
55342225
55343785
55347334
55351245
55352173
55357386
55371430
55381401
55398055
55422413
55423063
55427822
55434658
55443569
55456450
55481782
55522164
55558117
55573766
55574603
55587094
55596376
55602306
55603746
55605532
55637638
55646644
55647267
55661651
55668262
55670486
55670601
55672343
55673404
55684262
55686129
55703222
55707470
55713511
55721499
55725920
55736862
55743723
55746575
55752211
55753304
55765438
55769168
55790455
55790866
55794874
55804688
55811419
55812282
55814014
55814275
55814858
55831752
55832964
55836341
55836355
55837842
55844411
55860138
55869793
55873416
55893691
55903381
55909597
55921693
55926244
55940142
55949712
55963484
55964645
55979636
55985322
55990895
55991163
55993305
56006816
56010428
56012156
56017845
56020075
56030312
56035922
56048513
56060802
56075709
56083040
56097307
56099849
56100580
56150785
56181581
56185653
56186671
56188239
56197996
56218219
56227775
56228118
56240733
56240948
56264814
56267873
56277977
56285039
56290643
56298849
56326104
56348472
56350869
56367121
56367629
56409177
56428525
56448590
56453996
56471730
56504762
56523701
56529595
56534715
56579630
56579919
56583730
56587823
56589223
56593040
56594749
56613859
56622742
56640242
56642971
56662003
56681723
56683682
56686335
56687273
56699758
56733662
56734087
56739619
56760357
56785630
56795346
56801025
56804054
56808763
56813750
56818381
56822777
56824280
56833025
56856375
56894018
56896271
56900809
56902327
56920197
56963717
56965895
56969913
56970686
56991020
57001775
57015025
57017779
57020846
57023047
57023775
57034380
57035839
57063509
57064572
57066321
57068820
57070748
57074879
57081616
57102784
57109944
57111374
57145635
57147343
57153039
57154139
57174939
57178864
57180975
57184699
57191117
57198073
57203926
57217694
57247475
57248041
57250985
57262097
57276050
57294518
57299457
57307272
57323547
57323590
57330100
57330991
57337766
57349222
57363048
57364424
57372846
57383757
57397761
57441368
57452799
57462324
57463193
57475973
57489322
57495873
57496730
57515839
57530517
57562175
57566895
57569518
57577886
57580229
57591096
57606231
57621649
57622629
57624975
57637049
57649478
57651413
57655717
57675756
57686870
57693894
57700778
57702083
57725818
57746246
57750850
57754594
57756364
57767895
57768736
57794161
57803765
57807113
57817792
57823467
57824504
57825737
57830708
57835699
57836844
57837625
57840227
57850212
57854363
57866127
57867869
57869016
57869346
57872604
57927362
57939174
57958720
57965205
57965731
57966914
57967113
57972660
57979261
57988531
57996716
58011270
58011393
58032033
58035343
58043576
58049576
58051528
58056744
58062085
58074166
58079021
58084131
58085242
58095115
58098510
58114708
58128600
58135961
58140164
58141661
58162264
58172245
58176735
58178881
58188162
58203846
58220352
58243429
58248978
58250382
58259478
58261269
58286364
58294032
58316298
58325010
58333350
58335024
58351702
58381218
58393698
58405274
58406189
58407776
58435683
58436259
58438317
58441809
58445537
58452267
58459501
58470136
58472800
58482614
58486521
58487738
58489186
58500772
58505530
58509517
58516452
58526475
58561127
58565304
58574119
58580695
58627675
58628725
58637200
58645483
58664027
58665203
58668286
58680185
58693754
58698694
58699829
58699980
58718945
58732278
58733218
58733419
58762792
58782264
58799417
58801123
58822386
58822555
58834896
58858988
58868919
58895943
58896095
58896274
58917210
58919758
58925869
58926786
58931059
58938726
58941874
58944292
58953171
58954216
58969819
58987092
59000112
59003832
59012711
59018266
59045867
59049107
59068075
59071338
59082035
59097372
59097811
59109695
59114699
59130389
59144834
59153455
59155341
59158350
59171860
59183138
59185665
59194933
59215286
59218697
59223358
59242263
59249777
59251168
59257954
59271611
59276121
59277449
59278684
59286232
59289952
59294026
59298098
59301114
59308112
59309465
59309513
59312491
59318401
59319605
59323035
59332331
59340703
59343046
59343827
59366382
59387797
59400286
59413193
59431585
59434344
59447357
59461084
59478567
59495793
59502790
59553374
59558925
59566761
59588961
59613287
59613339
59616619
59627736
59639586
59645510
59649374
59652663
59657379
59660561
59671990
59703841
59725161
59738175
59740930
59743615
59745401
59749189
59757746
59759157
59760066
59762685
59781006
59791890
59794787
59804679
59834299
59837037
59846263
59853297
59855388
59857461
59880374
59891528
59892749
59898528
59902852
59908812
59910332
59914428
59925274
59926019
59927547
59938589
59943930
59946293
59982963
59985243
59991908
60007962
60014889
60020906
60022620
60031544
60032255
60053260
60054334
60055621
60058312
60058739
60069083
60084519
60101645
60106226
60110478
60116828
60122031
60131497
60144037
60146073
60150768
60153714
60163499
60206360
60216033
60216790
60225244
60249587
60250039
60251000
60267865
60268441
60270104
60272073
60277714
60294397
60301304
60309422
60344542
60344623
60357927
60360283
60363955
60365030
60366549
60386943
60407862
60443033
60447606
60472216
60483956
60484745
60510542
60512053
60512384
60519462
60522072
60528430
60543821
60550241
60550405
60551754
60556939
60566720
60569035
60578087
60582713
60583584
60596581
60612321
60627082
60645497
60645823
60647052
60648933
60663083
60668556
60683017
60683181
60683382
60685653
60699263
60700892
60715851
60737651
60741254
60754441
60764436
60772229
60775910
60784141
60794620
60817113
60844097
60863960
60871565
60876649
60888518
60906368
60912058
60919686
60921812
60928798
60945845
60960453
60991727
60994549
60996903
60998481
61025736
61027427
61029330
61059230
61059721
61063908
61077901
61079597
61086446
61090546
61094448
61096191
61098753
61100556
61110757
61121755
61131632
61144843
61146037
61165073
61168841
61177077
61200377
61203084
61208147
61231157
61240248
61282832
61291695
61297925
61299379
61307158
61307436
61312568
61315587
61318688
61321589
61328472
61331296
61338155
61342035
61346960
61347091
61352928
61365128
61375287
61375535
61378264
61379055
61415294
61419099
61424670
61435099
61440779
61450400
61463130
61465848
61475967
61496558
61497978
61502719
61505348
61512456
61521767
61539235
61539638
61557853
61589853
61590054
61594978
61597049
61598160
61611591
61635529
61642112
61661003
61661012
61671991
61679330
61694370
61720906
61736580
61746827
61752827
61761312
61781050
61805284
61815654
61829101
61829526
61855267
61860805
61871308
61874208
61904151
61906437
61907962
61908051
61912313
61923501
61931940
61955925
61967192
61967222
61975826
62019343
62022933
62028193
62030396
62043997
62048895
62059406
62062979
62068423
62072512
62074636
62074656
62083828
62085489
62085513
62087506
62100794
62103451
62106350
62129808
62151978
62163621
62165246
62178660
62194680
62200057
62207657
62208364
62237768
62246367
62264504
62285236
62293128
62307231
62312041
62315145
62316433
62317727
62348730
62352320
62352713
62358340
62362568
62375588
62386365
62413200
62418284
62423047
62423866
62432106
62477803
62498562
62499941
62506031
62516994
62518726
62519181
62522916
62528357
62529826
62535928
62542970
62544342
62545217
62564528
62565995
62573303
62574172
62579035
62588132
62592848
62600238
62606029
62609051
62629511
62643995
62646101
62650120
62651798
62662386
62673810
62681260
62701959
62706864
62707224
62715531
62721727
62734947
62738351
62738414
62748218
62749668
62754511
62764552
62798518
62814363
62827241
62828372
62836429
62838481
62845741
62869592
62914625
62946421
62963827
62966395
62974016
62981021
62983322
62986794
63028968
63029876
63037050
63038362
63051290
63067360
63071242
63076646
63082132
63083318
63084329
63086608
63109344
63111262
63113716
63119035
63122329
63122985
63123812
63133323
63136786
63145375
63173255
63175912
63183886
63185569
63187408
63200971
63203174
63226566
63246646
63263273
63267344
63272908
63285479
63308262
63308524
63310444
63312262
63313767
63317888
63328157
63340038
63352230
63353726
63357162
63362121
63366249
63403299
63423074
63429027
63432457
63442840
63446346
63447188
63449129
63464249
63466037
63469951
63472737
63480549
63481792
63490831
63493667
63495071
63501235
63503982
63512985
63516666
63527255
63534826
63537433
63564841
63570217
63572626
63577388
63578789
63586807
63594995
63612712
63613111
63618217
63621288
63623859
63623890
63654117
63663880
63675232
63684750
63697184
63700334
63716801
63717911
63718603
63739988
63750032
63775947
63790476
63793600
63803968
63826874
63845002
63846762
63861313
63864801
63908952
63914400
63923010
63961194
63974430
63988475
63999833
64017633
64027243
64036969
64039122
64040491
64043696
64045144
64045772
64049392
64054528
64056294
64057874
64099143
64100381
64104535
64116583
64133810
64151707
64171120
64188122
64190270
64194578
64196305
64196707
64232649
64239867
64242949
64274868
64279284
64281071
64284687
64295870
64312147
64331461
64343734
64350343
64360576
64401496
64415680
64432846
64436894
64438077
64448934
64454115
64455285
64457570
64462069
64466694
64467806
64472770
64488852
64492581
64495706
64512218
64516367
64520432
64522078
64539357
64573015
64597022
64599215
64600981
64611460
64619014
64624650
64653284
64659530
64664325
64681739
64687312
64708233
64729539
64730600
64749356
64751719
64753199
64757136
64758227
64759437
64761128
64767521
64770970
64782844
64784645
64792114
64800190
64826611
64850513
64852782
64859569
64865107
64875858
64876831
64889508
64893419
64908754
64914196
64943780
64950195
64951796
64952581
64991166
65005489
65007130
65010858
65011373
65029377
65034869
65034913
65035420
65039570
65044702
65054505
65056094
65087492
65111733
65115506
65117846
65122158
65132532
65136717
65140255
65143506
65159358
65162891
65171210
65171579
65187647
65193967
65200526
65208434
65213739
65214359
65223110
65243955
65249531
65257606
65258357
65269096
65269785
65276495
65281666
65282890
65304353
65306249
65328608
65352246
65354225
65356503
65366713
65383123
65395186
65401957
65406082
65407005
65427404
65436247
65436809
65465113
65478408
65481043
65503057
65506983
65514723
65520384
65535821
65557823
65568108
65568278
65568757
65571635
65578616
65596038
65597090
65609336
65618994
65620391
65640228
65652017
65653858
65661990
65672570
65675192
65677003
65691401
65695275
65703454
65707661
65709205
65713421
65714046
65716921
65721510
65727844
65736025
65788528
65797930
65799304
65804060
65809107
65814455
65828343
65832316
65839661
65852543
65854281
65860971
65866689
65874027
65884460
65888431
65889702
65895398
65923225
65936898
65940621
65941085
65952774
65958831
65962739
65969487
65978073
65989973
66033788
66034711
66042348
66047634
66050454
66058105
66070550
66071034
66082280
66084355
66086901
66102219
66113908
66121608
66122507
66127721
66129926
66133481
66139149
66145965
66150542
66155465
66179811
66195218
66195686
66202750
66211510
66224903
66231351
66238360
66245158
66248938
66250118
66257128
66260936
66264590
66280917
66283459
66286343
66288330
66288906
66319453
66327878
66358775
66368318
66373941
66374918
66379306
66380272
66394936
66399612
66432692
66434230
66437701
66442399
66448013
66449125
66452809
66466335
66474003
66476284
66491751
66497622
66513022
66517188
66518641
66537418
66548984
66553835
66568535
66582763
66586133
66597571
66599442
66606222
66617083
66625992
66634713
66647268
66677240
66688791
66691039
66692691
66697906
66699009
66706500
66707255
66707400
66708882
66723404
66726851
66741841
66755539
66773249
66778596
66791999
66808132
66821363
66823125
66827140
66828552
66857001
66861744
66870609
66877886
66881897
66886549
66887293
66911038
66922797
66925297
66930777
66938406
66959431
66975450
66980037
66995009
66997706
66999467
67006514
67031169
67059577
67060216
67064223
67084478
67092820
67094075
67100736
67104772
67108672
67109134
67117044
67127770
67136641
67146122
67149119
67158277
67175950
67179383
67190467
67204282
67223309
67232313
67245958
67246958
67251047
67257077
67272205
67294380
67326288
67349450
67350298
67363028
67369477
67378968
67382431
67388657
67402738
67408193
67410477
67473206
67474310
67475925
67481140
67505393
67507899
67522716
67523617
67537492
67554374
67562875
67571533
67572348
67578388
67581850
67593785
67594543
67609222
67612109
67617381
67643032
67644279
67651910
67661738
67672135
67687015
67702680
67704373
67720818
67721177
67723232
67736648
67747461
67752937
67752958
67759696
67782929
67786534
67789675
67798277
67813481
67827792
67831200
67832879
67848219
67848691
67859392
67859790
67921486
67935770
67938723
67939170
67954133
67957077
67962666
67965166
67965512
67980759
67982115
67984251
67986354
68002857
68014986
68020156
68020846
68030117
68038039
68043420
68056894
68058567
68071574
68090912
68099986
68110709
68111584
68116450
68118122
68133611
68133920
68141736
68169776
68188809
68191189
68217495
68221036
68224883
68234350
68248674
68260634
68264185
68278709
68285568
68285985
68300620
68323338
68325085
68325898
68334276
68339867
68343093
68346515
68356283
68361339
68365619
68366089
68378528
68381916
68383610
68391320
68392108
68395580
68396025
68398914
68406317
68408041
68413454
68424811
68444532
68451928
68461739
68472061
68475288
68490226
68516396
68557026
68564535
68577056
68580916
68590660
68595746
68611264
68611801
68618260
68624233
68630367
68668949
68671104
68675768
68679425
68696495
68718661
68727341
68758159
68758516
68758898
68774360
68777456
68786710
68803319
68806456
68825534
68829355
68840326
68843999
68859236
68859604
68869993
68872035
68873364
68878128
68896026
68932754
68943243
68946499
68952509
68955995
68965302
68979579
68987323
68990649
68991685
69009368
69015097
69020656
69024003
69040939
69044489
69059929
69069768
69072980
69075645
69076724
69083301
69086247
69127634
69130404
69131436
69135523
69141204
69151011
69155053
69164467
69167690
69179204
69202423
69216844
69224247
69233705
69237758
69242314
69244204
69245589
69253846
69254314
69255853
69268932
69276527
69285911
69316809
69329389
69339771
69349536
69355163
69360746
69381806
69392938
69395130
69399634
69428365
69433926
69451765
69468926
69469271
69476326
69477521
69499213
69499814
69507472
69537274
69582630
69586548
69604906
69604928
69610467
69623916
69627799
69638202
69677148
69680305
69681290
69699560
69701491
69717011
69741082
69741895
69742278
69758625
69765625
69777333
69778757
69798446
69805599
69812254
69814549
69829155
69834324
69852480
69856196
69866806
69887777
69899706
69900246
69915749
69925083
69930073
69936394
69947916
69954841
69957045
69958807
69964697
69995375
70003194
70007130
70036775
70043302
70061698
70073759
70076150
70103738
70106821
70124040
70131466
70143366
70172336
70175045
70177198
70182174
70201128
70202204
70210219
70219190
70227046
70235383
70252842
70271665
70284805
70290651
70302747
70308880
70327613
70329715
70341180
70351930
70355777
70358667
70372755
70373890
70375086
70391770
70404118
70408509
70411628
70422063
70423779
70426241
70427697
70430387
70433741
70437249
70439869
70446550
70457985
70474131
70484258
70487386
70502204
70502229
70506726
70516710
70534314
70541722
70594621
70617564
70631304
70633505
70638281
70663314
70677110
70684447
70694937
70698948
70699830
70704246
70711911
70718631
70719093
70728715
70744905
70761757
70763823
70770285
70798053
70799015
70799810
70800557
70807248
70810220
70815193
70826382
70841134
70842370
70843809
70850655
70894640
70895460
70912179
70914817
70916840
70932183
70961649
70962503
70967842
70970607
70990027
71002059
71016876
71019393
71023412
71053636
71078865
71081279
71083726
71093575
71107317
71117040
71135160
71141223
71167848
71182976
71184616
71185719
71203138
71213667
71239014
71242674
71245426
71250434
71276951
71285262
71289282
71294157
71306768
71309840
71324379
71331394
71331927
71332594
71344622
71372414
71390478
71400066
71415942
71418831
71422267
71425661
71430536
71430674
71431703
71440714
71451894
71458954
71483077
71491951
71508880
71538075
71539985
71545925
71561040
71566362
71569910
71573853
71583780
71595311
71596051
71605879
71608229
71609872
71629291
71629423
71657267
71681804
71691201
71701752
71702091
71704817
71712563
71727747
71734300
71734822
71735567
71738365
71756956
71757931
71762206
71768365
71773848
71798308
71811297
71821343
71824582
71832890
71834536
71837547
71847140
71847541
71848704
71855564
71858309
71863980
71876381
71890628
71894579
71913965
71945067
71973654
71975479
71977183
71981313
71987567
71991132
71995852
71998092
72008986
72013026
72025516
72039354
72047600
72049260
72086228
72087586
72094974
72097701
72101675
72112511
72123945
72140677
72147233
72175569
72184927
72192658
72208586
72224267
72238857
72241532
72248410
72263673
72270910
72273269
72294661
72308905
72316208
72318817
72318829
72320909
72323568
72325100
72329832
72330524
72354104
72363284
72373194
72401849
72404229
72422927
72432335
72432407
72433631
72434120
72434853
72449460
72453484
72475474
72489580
72517753
72538918
72541396
72548230
72552022
72562696
72564461
72599633
72645085
72645211
72653850
72664218
72666855
72699570
72709554
72716571
72724917
72726542
72727055
72732826
72738598
72745944
72771444
72771523
72773707
72786321
72789629
72796975
72797805
72807019
72811200
72816406
72830957
72836490
72857640
72886937
72905075
72920029
72920437
72931984
72939261
72942184
72949216
72959548
72978413
73001023
73010749
73015370
73024810
73025078
73034243
73034571
73038875
73043026
73059464
73061622
73072008
73075448
73076742
73081919
73085808
73097316
73097710
73113528
73115265
73117546
73124107
73128866
73132726
73141710
73141967
73170946
73171779
73181356
73181641
73200744
73202537
73214995
73219001
73221259
73221566
73228987
73238902
73272614
73279721
73286871
73289012
73289956
73294748
73296636
73306454
73306958
73315499
73360315
73374209
73376294
73384646
73412006
73430853
73434183
73434794
73436082
73439447
73446530
73457360
73474005
73476402
73484139
73491250
73498392
73513797
73520699
73531548
73536340
73554606
73564876
73571326
73579525
73594366
73599108
73599852
73625136
73625757
73633029
73638993
73654502
73668483
73668962
73669847
73677608
73690658
73692104
73692748
73703945
73716693
73719747
73724630
73725827
73725908
73735747
73736722
73746837
73770399
73781096
73787864
73813204
73817408
73828685
73837027
73847380
73854130
73865146
73870405
73875226
73877962
73884692
73888849
73889579
73897016
73897077
73910308
73915133
73918284
73925680
73927015
73931996
73943653
73957943
73958824
73963156
73978312
73980304
73989564
73999393
74001183
74033951
74035548
74040477
74049268
74049656
74059762
74066716
74070308
74075613
74084171
74093008
74098611
74101107
74101971
74104218
74106568
74110572
74122334
74122530
74134043
74135184
74144063
74151180
74155593
74161422
74162984
74170018
74198961
74204365
74207863
74212634
74231185
74247159
74250122
74260884
74260906
74281353
74307157
74309684
74313228
74324407
74324987
74330497
74334556
74338904
74356736
74361073
74364888
74365733
74368175
74378995
74380970
74383827
74396938
74402367
74411231
74417636
74421056
74434251
74440587
74455977
74483346
74497784
74510276
74512773
74520171
74525496
74527536
74538262
74551938
74557768
74584817
74585425
74588787
74609818
74666959
74689845
74700998
74714469
74714503
74717167
74720367
74725003
74735543
74749187
74762480
74772885
74773694
74795485
74802815
74804192
74805609
74814931
74827162
74828679
74828809
74854674
74907812
74910246
74913354
74920228
74921509
74932312
74932697
74946480
74953080
74963501
74968785
74978607
74983728
75015047
75036996
75054395
75060631
75067621
75077393
75079609
75098038
75100835
75101474
75135358
75163790
75204630
75214959
75223043
75232361
75246419
75253432
75269859
75282502
75282908
75302166
75320468
75323799
75330182
75333706
75339155
75340896
75357077
75359211
75369321
75379917
75402527
75411707
75440507
75441044
75451010
75474276
75475486
75488646
75497826
75509500
75529648
75534782
75536030
75538170
75547291
75550992
75556532
75563462
75569669
75571156
75571882
75583546
75598023
75616819
75645207
75650513
75656980
75676151
75708917
75717613
75730363
75743231
75746350
75746966
75763880
75769038
75769729
75787683
75794831
75803976
75804397
75817875
75828162
75830623
75837190
75838857
75840347
75848690
75848935
75851605
75855391
75859717
75859843
75901066
75909434
75918158
75926756
75948403
75956332
75964269
75967067
75983015
75988343
75989098
76010797
76038656
76047299
76054255
76059113
76068707
76074400
76074991
76082683
76092563
76112188
76112303
76124795
76133485
76137818
76151991
76157606
76166807
76172296
76176260
76189837
76208250
76209326
76223192
76249041
76251070
76253140
76275833
76285212
76315767
76320790
76325799
76328828
76340280
76345715
76347667
76350536
76357985
76391107
76392269
76400575
76402110
76402577
76408124
76410985
76416461
76429887
76442097
76444328
76470276
76493088
76500822
76508365
76520401
76521061
76532111
76537812
76569061
76570610
76572893
76574752
76577044
76577549
76584389
76585214
76593597
76596068
76604459
76604721
76623466
76627934
76641767
76659287
76661751
76668224
76672251
76672310
76679655
76687037
76687075
76691912
76694387
76697033
76704449
76715299
76732655
76754103
76765121
76795183
76797157
76812411
76818473
76821221
76825282
76841526
76854105
76875090
76879174
76892154
76906131
76906730
76916637
76917807
76955583
76959979
76960586
76961064
76963858
76971184
76984066
76990262
76990832
76993969
77002400
77028555
77028741
77043055
77044047
77046733
77047108
77049906
77068680
77090689
77114682
77127997
77141521
77153848
77169880
77194734
77198584
77211598
77227469
77232140
77232334
77235399
77268243
77269471
77274402
77285463
77295697
77323003
77330841
77338244
77343105
77343534
77359195
77361142
77374625
77375385
77382988
77394230
77397293
77397302
77398793
77403339
77413680
77426267
77449914
77450216
77455524
77459083
77462254
77464610
77472658
77490620
77496483
77511712
77517435
77525941
77530510
77531602
77531916
77537368
77543355
77561452
77562651
77563140
77566543
77575723
77600445
77600510
77613795
77635263
77636166
77644574
77651792
77659567
77662227
77668446
77679531
77690320
77699430
77714852
77726434
77727563
77741688
77742018
77747365
77778404
77785104
77789202
77793778
77797720
77799522
77812632
77832740
77836417
77845337
77847112
77848365
77848428
77850602
77851707
77854972
77861712
77867902
77887339
77895644
77908561
77911818
77915038
77915754
77950940
77975767
77984332
77992367
78027177
78061644
78071658
78071958
78079636
78090358
78093644
78094075
78116454
78116649
78125694
78128835
78131338
78132474
78133953
78136488
78163057
78166512
78181935
78184168
78190050
78196027
78196776
78216666
78219357
78229752
78237896
78254375
78262997
78263417
78264861
78271186
78283400
78300730
78313655
78315256
78321062
78322617
78328742
78334517
78344740
78351773
78358790
78365313
78367274
78373147
78375221
78387295
78398271
78402484
78408543
78433609
78453113
78457387
78461460
78466938
78475402
78475926
78485842
78491716
78500487
78507609
78509762
78516342
78556334
78561964
78565346
78567638
78580168
78584390
78589401
78591797
78598127
78603759
78607393
78608878
78616471
78617035
78621347
78622451
78626809
78640648
78650067
78656804
78658775
78698574
78699066
78718860
78719771
78742569
78754823
78756769
78768227
78776722
78777965
78781597
78789402
78789520
78792165
78832657
78834742
78835464
78837125
78840756
78846031
78849624
78852651
78869145
78870488
78877915
78877945
78898372
78901864
78904271
78908811
78912321
78923706
78928795
78932999
78942993
78945191
78945465
78953584
78954617
78991385
78992966
79000416
79021505
79032457
79042515
79060585
79069540
79071244
79080844
79083483
79084590
79094786
79111668
79123294
79135375
79139825
79144328
79152846
79164822
79187680
79190273
79193477
79225076
79231655
79234234
79246552
79258005
79263699
79264519
79274473
79282380
79285817
79296742
79308156
79314873
79328321
79341938
79346370
79350666
79353424
79361118
79366472
79377889
79379995
79383844
79394250
79406045
79409278
79411281
79428835
79446091
79462442
79463938
79489797
79498413
79538911
79558828
79569500
79584793
79584907
79586940
79594523
79610752
79613079
79618976
79622660
79626704
79639915
79644724
79656861
79665037
79668261
79692210
79696383
79697796
79706074
79710143
79732112
79735624
79737934
79742799
79760035
79760488
79764122
79782462
79797840
79810918
79814757
79815102
79827717
79852948
79853262
79858515
79859459
79883228
79892159
79893426
79907007
79909102
79911961
79917503
79931731
79937449
79941418
79947729
79950252
79950367
79980808
79985752
79998497
80001189
80004561
80012249
80013349
80014344
80015028
80016096
80018047
80018659
80020334
80030789
80036280
80040666
80061645
80064596
80065890
80069045
80070181
80077131
80085157
80091701
80095814
80098499
80107169
80112538
80113664
80119958
80120394
80126658
80132877
80140295
80141038
80149844
80152346
80156956
80171331
80184141
80186776
80193911
80199837
80212011
80215270
80216241
80216995
80218537
80230848
80239804
80247973
80255632
80258725
80267647
80285164
80291273
80310847
80311588
80314119
80323979
80326010
80334262
80338045
80348551
80376654
80379621
80389018
80399788
80416748
80420288
80426431
80437642
80439980
80451860
80460238
80461704
80463541
80475536
80495415
80528197
80561573
80587524
80593687
80595764
80597785
80600365
80605030
80607607
80611149
80612064
80614012
80617621
80622623
80674970
80676040
80680361
80688261
80698658
80698759
80704684
80704858
80714543
80728189
80736998
80752673
80756450
80757514
80760525
80761003
80781291
80800522
80826799
80853428
80861379
80865355
80877570
80892260
80907204
80930515
80939609
80946059
80962042
80991813
80994717
81010035
81011986
81018387
81018857
81028754
81029448
81040442
81044425
81046832
81053731
81062940
81066842
81079924
81085377
81100660
81115878
81120870
81130175
81130446
81132656
81140422
81151943
81156115
81161009
81164296
81181419
81193639
81194707
81204228
81207472
81211745
81215947
81224984
81265599
81269559
81278569
81285646
81295281
81306783
81319296
81333189
81336222
81348876
81351664
81366286
81366454
81367547
81374290
81378840
81396450
81413225
81415678
81416764
81419476
81426025
81443801
81446762
81453654
81456458
81458212
81469245
81474876
81479644
81486376
81489660
81490973
81504781
81514052
81540706
81543959
81544105
81545923
81568218
81570327
81572949
81575664
81584892
81593251
81599430
81620767
81624653
81628569
81634470
81637639
81645485
81657832
81679434
81684619
81706630
81718096
81721075
81725380
81760383
81770269
81773391
81782206
81783765
81789129
81797359
81815064
81820157
81849266
81850363
81868363
81868931
81875070
81899559
81915287
81917433
81919271
81931266
81946294
81959135
81967044
81969946
81973062
81974384
81975495
81986706
81992119
81992324
81995704
82001520
82003326
82013311
82017869
82027443
82066210
82068967
82076154
82080661
82083497
82088530
82096252
82099985
82115127
82120100
82123433
82124203
82137487
82143186
82205934
82207663
82213885
82218883
82223449
82225404
82238107
82240034
82247498
82271908
82284107
82302989
82313879
82314691
82314937
82338228
82339217
82345782
82359516
82364491
82365360
82372203
82406635
82425091
82425302
82430992
82444673
82446682
82453012
82454360
82456392
82460043
82468779
82474027
82481274
82482804
82488898
82489912
82510143
82520650
82529224
82530548
82541313
82553569
82569397
82570115
82578309
82584212
82601119
82604220
82625421
82629998
82632300
82651448
82656333
82661168
82663161
82673779
82674382
82694518
82696287
82705269
82705334
82714552
82715041
82718654
82728671
82740902
82741599
82746151
82752552
82760023
82762295
82778005
82786969
82791527
82793588
82818472
82828037
82828209
82837691
82864311
82872072
82921308
82950267
82970678
82999239
83004211
83015861
83022867
83026291
83042498
83054811
83063981
83070061
83083538
83088476
83092754
83105155
83120417
83121528
83122911
83129371
83132622
83133071
83134111
83136670
83145814
83147005
83156995
83161033
83175637
83185847
83195659
83200759
83231597
83252564
83259084
83265179
83274277
83280922
83292433
83307744
83313706
83321131
83322223
83332673
83334343
83337656
83346241
83352679
83361840
83365113
83369354
83372398
83377203
83404900
83436600
83439035
83440433
83450062
83471750
83479201
83484761
83486481
83487832
83491873
83492053
83500773
83514254
83521275
83528773
83531482
83539577
83545691
83549207
83555412
83560389
83565546
83570747
83574314
83577014
83582988
83588985
83595555
83609559
83614878
83619053
83621503
83623955
83627830
83628384
83634443
83635941
83640898
83653313
83665481
83666013
83702410
83704080
83731477
83733400
83752667
83761239
83765702
83775719
83786146
83788333
83791290
83797978
83800257
83802620
83808541
83840370
83846819
83853742
83857194
83863988
83866430
83870694
83871592
83878345
83891609
83891639
83919353
83936139
83941578
83953899
83966628
83980809
83982624
84001201
84002014
84003000
84020266
84020502
84024857
84025759
84038377
84039401
84044707
84052095
84052840
84054672
84065215
84069254
84075462
84076256
84078228
84080603
84087361
84092588
84098683
84100565
84144230
84156665
84164370
84167824
84169092
84169644
84173746
84174175
84202429
84204127
84210207
84218093
84252350
84280062
84284667
84293211
84308786
84311845
84326505
84329697
84330392
84341389
84354187
84364992
84373200
84385862
84398143
84398930
84402646
84403113
84407472
84426174
84437236
84443591
84477195
84489120
84501490
84542759
84544006
84550418
84551341
84551566
84552268
84557559
84560073
84563707
84565385
84565499
84583930
84604826
84616263
84619113
84645909
84656138
84661271
84669569
84676114
84680844
84690723
84691932
84702937
84709148
84709525
84718247
84729441
84737354
84741299
84742852
84779196
84789060
84799492
84807646
84808103
84812403
84812739
84818090
84821008
84839171
84852442
84862973
84869736
84876488
84886197
84887699
84897654
84911417
84915548
84915883
84916034
84919915
84925654
84946813
84963885
84989650
84990386
84994204
84994930
85011586
85028616
85039488
85047290
85047382
85054302
85058389
85072922
85085005
85088320
85110609
85122253
85156007
85166824
85174707
85176138
85186070
85204924
85217287
85232312
85234379
85248189
85259852
85268954
85269451
85338199
85342819
85378268
85386359
85387259
85399278
85416036
85429963
85429992
85432186
85443447
85444810
85452126
85452931
85455581
85456345
85457859
85466043
85491301
85510737
85528436
85529455
85540692
85544428
85544542
85550318
85560228
85561441
85561632
85581315
85582620
85591609
85592615
85602934
85625978
85627038
85643027
85647032
85651994
85654953
85656179
85662406
85663220
85683231
85691097
85698446
85709225
85710559
85717419
85753195
85753842
85754497
85758182
85760115
85766407
85775701
85785013
85789399
85800812
85804264
85818944
85824727
85856381
85858214
85859596
85863730
85873336
85892590
85898285
85931080
85936781
85944376
85953401
85956172
85956288
85965244
85974696
85976473
86020465
86024401
86033591
86042398
86043167
86049094
86050157
86089898
86095106
86107511
86108987
86118242
86121728
86137908
86144831
86156844
86170243
86194956
86210577
86223226
86227289
86241774
86245701
86246978
86253905
86262471
86266459
86270021
86278562
86288963
86289744
86310307
86317024
86318773
86324642
86337640
86350844
86360200
86360225
86367517
86379900
86387474
86390302
86393200
86402006
86411414
86412831
86425103
86431743
86435806
86442525
86445583
86451051
86481195
86488110
86521575
86554824
86563554
86573812
86581195
86600516
86612834
86629531
86632286
86639658
86641523
86644880
86652161
86664125
86671844
86679288
86679381
86682995
86693636
86720923
86739698
86747162
86754385
86756273
86760735
86762602
86768060
86771768
86775543
86777570
86780745
86812605
86821678
86833266
86843841
86852005
86862198
86891314
86897319
86900425
86902179
86907886
86917132
86917845
86930169
86950207
86968217
86969115
86976307
86992749
86996045
87013144
87016291
87016457
87024298
87060698
87066728
87073824
87078158
87094599
87097058
87111768
87132144
87162341
87167125
87170294
87172933
87181355
87191515
87206115
87226610
87237909
87246124
87260179
87278448
87295872
87303510
87307070
87317490
87329407
87338391
87339265
87346516
87361027
87364560
87364807
87365131
87370888
87372229
87379675
87381040
87381751
87389263
87391972
87395064
87395126
87395957
87406879
87410407
87420162
87420920
87425941
87430974
87432087
87433699
87453999
87475082
87480260
87481252
87505359
87506534
87508151
87508918
87510266
87513102
87517754
87517960
87518921
87529219
87530605
87531902
87539520
87543599
87545632
87547211
87553154
87554067
87558051
87577900
87581321
87595599
87603373
87603412
87605012
87608419
87611208
87633775
87636185
87643629
87653507
87669530
87673454
87686256
87697120
87708032
87717294
87725128
87734961
87752299
87769635
87787771
87794485
87795709
87799722
87800511
87810449
87810719
87819336
87823255
87825450
87834998
87841187
87844851
87856074
87857873
87862109
87867477
87904688
87915923
87920015
87929772
87932526
87941000
87941223
87946011
87960621
87965156
87974564
87985037
87988360
87990368
88003584
88008443
88008741
88012999
88035522
88039139
88042235
88046954
88057324
88064446
88090288
88097234
88108427
88142355
88150635
88172612
88174606
88182020
88193222
88196454
88210062
88224064
88232720
88249932
88270611
88308280
88309935
88314927
88315064
88329004
88346342
88371696
88390108
88394238
88402737
88403708
88408380
88425247
88435091
88445489
88446355
88451717
88454640
88455573
88466648
88467995
88469405
88473330
88489411
88493438
88504875
88505750
88508977
88520675
88522015
88526562
88527548
88552481
88560270
88572235
88575911
88578234
88587835
88592086
88592810
88618662
88621690
88622120
88626558
88629911
88635537
88645711
88652660
88653943
88654018
88657181
88673669
88680502
88685363
88697632
88699655
88711142
88758512
88764404
88769926
88776833
88788866
88792593
88804473
88820840
88822794
88827123
88831763
88836079
88838662
88857331
88894788
88895364
88931068
88941448
88946029
88949643
88960531
88961551
88970586
88981609
88984640
88990405
88992077
88992458
89026461
89029946
89033299
89033886
89046831
89047124
89048172
89052840
89060460
89066596
89093781
89095518
89107138
89112577
89123971
89124149
89144472
89152324
89165604
89178456
89197268
89197629
89228597
89244594
89246344
89253721
89267539
89280083
89282040
89290420
89293043
89305070
89307861
89308386
89311697
89325126
89328726
89332658
89350371
89365573
89371054
89384196
89403408
89418196
89420266
89420757
89426414
89434188
89443919
89453020
89469972
89470146
89471825
89482773
89495634
89498850
89518145
89522424
89525532
89538673
89564815
89565719
89570619
89571327
89578939
89589856
89593486
89594097
89596872
89598403
89600238
89619999
89624197
89627544
89629254
89653083
89656810
89659967
89670754
89673260
89680058
89680160
89680898
89685993
89686071
89690136
89706042
89708102
89720022
89735393
89744654
89750286
89753612
89770391
89783333
89786683
89792791
89806610
89811947
89846980
89864159
89868016
89873670
89893406
89895763
89904072
89904361
89923102
89935305
89956255
89965327
89973893
89992084
90003064
90005399
90015114
90026242
90029723
90034970
90045205
90055011
90066453
90074133
90082178
90085826
90113550
90161390
90162248
90164204
90173451
90174635
90184446
90186889
90193756
90207838
90215275
90220384
90220899
90229119
90249708
90257376
90288360
90288759
90306394
90323146
90337490
90341060
90342548
90348011
90359057
90381035
90396767
90400433
90402328
90412501
90435517
90451156
90458278
90459181
90460498
90470713
90491996
90497927
90510420
90525637
90528315
90540129
90541566
90550178
90560587
90565697
90565742
90567656
90579085
90588383
90593023
90598726
90606538
90613461
90627315
90628781
90629721
90649796
90652205
90653477
90668871
90678887
90693567
90708794
90744626
90748611
90761781
90762497
90776046
90800781
90805906
90813991
90822977
90832886
90834047
90834394
90866440
90869966
90874304
90874551
90876587
90897519
90898425
90899936
90903838
90916166
90930661
90935756
90945628
90950844
90951627
90976640
90976981
90977243
90977770
90996144
90996176
90999112
90999484
91003244
91005451
91008407
91026538
91050510
91059409
91062680
91064428
91086398
91089840
91090309
91098037
91139214
91143440
91155973
91161334
91161882
91162576
91175937
91186915
91189909
91194652
91198603
91203939
91206202
91214031
91216075
91240294
91243370
91246523
91259296
91283008
91284025
91293140
91310023
91345525
91370352
91383580
91384954
91387238
91394707
91401170
91406007
91407949
91408560
91411733
91414470
91416583
91422560
91429119
91429816
91434481
91439529
91444061
91447677
91453112
91483779
91491411
91492309
91505746
91519842
91526028
91526815
91558763
91559406
91582488
91604728
91629111
91646982
91653717
91654615
91667254
91667965
91668992
91671356
91689146
91701375
91708604
91710346
91739329
91745118
91750838
91758137
91776133
91790835
91803149
91808574
91814531
91837710
91852509
91857797
91879126
91885641
91892718
91919985
91924076
91927524
91935930
91982379
91982997
92001706
92002673
92003989
92022224
92037412
92045652
92046360
92070572
92074054
92089677
92092998
92096083
92097552
92107871
92113772
92119918
92121394
92134854
92144936
92145333
92157599
92162038
92164632
92166001
92188366
92189406
92191622
92201716
92243304
92251706
92252246
92253331
92255015
92258655
92261244
92262996
92270735
92275973
92277621
92280169
92282975
92296323
92328243
92342217
92347856
92359703
92364634
92368420
92372730
92387688
92390177
92390397
92396982
92397540
92398838
92436821
92437780
92448943
92452835
92469159
92484473
92485590
92489182
92514515
92518988
92519757
92528186
92534948
92557706
92575596
92577592
92577837
92580846
92590831
92595135
92595900
92599119
92665896
92668710
92685726
92690739
92704548
92715263
92717998
92724432
92724460
92724900
92729266
92735514
92739815
92784918
92791031
92795759
92798895
92799669
92804729
92805051
92818579
92845375
92847531
92867761
92879898
92886441
92890621
92898281
92904493
92908693
92909549
92912015
92918663
92933963
92949702
92951666
92960703
92978757
92990041
92995143
93016919
93022455
93043131
93049968
93066888
93099328
93118248
93130873
93143172
93149480
93156686
93162495
93166799
93185329
93188685
93189985
93199123
93203591
93222012
93222174
93226531
93233135
93268200
93276214
93284963
93327116
93338131
93342386
93387717
93387860
93419280
93419424
93420767
93424884
93448675
93454028
93460922
93486381
93492688
93504661
93506556
93508973
93509932
93517488
93521231
93530410
93536906
93539980
93555630
93557502
93561647
93586112
93590982
93594446
93601298
93648027
93667551
93708456
93718884
93720584
93720714
93740377
93746124
93781375
93794220
93796308
93809434
93818804
93824762
93837601
93848544
93858493
93869198
93873966
93875461
93883410
93903081
93908306
93908619
93915554
93921214
93925914
93937551
93940058
93943015
93949465
93968040
93992434
93993724
94001767
94003310
94013907
94019010
94023114
94032377
94040336
94047933
94048717
94048937
94053025
94063105
94071185
94079457
94081243
94092035
94111543
94140151
94154759
94159553
94183750
94228654
94233497
94249331
94254437
94265507
94277121
94282676
94298959
94317359
94321317
94346306
94346722
94347047
94355581
94364171
94367055
94381987
94382956
94391680
94396226
94401326
94401340
94405863
94410089
94411026
94421275
94427844
94437878
94446773
94459826
94470062
94470307
94483507
94484046
94493162
94500208
94519614
94519683
94521892
94524406
94525762
94544813
94555337
94558888
94574278
94575533
94584775
94586977
94606257
94612243
94612395
94625712
94627619
94639961
94652739
94656754
94702023
94707137
94709806
94726892
94734365
94735102
94739187
94749514
94750685
94755639
94780556
94793600
94815968
94836974
94851679
94855575
94895773
94898704
94901347
94907280
94910590
94914164
94926501
94938804
94939690
94947525
94949263
94961529
94963852
94970957
94984043
94987642
94995769
95001965
95004089
95025943
95030879
95041544
95043770
95066334
95068672
95084319
95105446
95113966
95120165
95120193
95135369
95143824
95152802
95156690
95161815
95165512
95192102
95193420
95198500
95205080
95209145
95214405
95217575
95250140
95253738
95271076
95271488
95277243
95282225
95292777
95294911
95307400
95309074
95318908
95320012
95346643
95348579
95362434
95365826
95366290
95375534
95379000
95381444
95386666
95390955
95392548
95439087
95456423
95466684
95491656
95491982
95502271
95502703
95517595
95538526
95546620
95561354
95564781
95577461
95582218
95613712
95629380
95637389
95645661
95655541
95670479
95671528
95673581
95677321
95683088
95692124
95703356
95712716
95716696
95723489
95736947
95752882
95753255
95763679
95768334
95772246
95784539
95786065
95787603
95801331
95811682
95827174
95845471
95856556
95892350
95894869
95919263
95931570
95932586
95933386
95942236
95947415
95949389
95950550
95967922
95975054
95981066
96017341
96018240
96030869
96035903
96042806
96058169
96062418
96075286
96076610
96079113
96094631
96113290
96123994
96145329
96151551
96168409
96186397
96207033
96207958
96219826
96221831
96225622
96226884
96234907
96256220
96264830
96266621
96269736
96280459
96281680
96282357
96316365
96317812
96320369
96343369
96344759
96354300
96355899
96357015
96366220
96369963
96379799
96380655
96391932
96399569
96413155
96413209
96421924
96421925
96444768
96470886
96481138
96520395
96532152
96548737
96561410
96568026
96577529
96604126
96615733
96617749
96622841
96635707
96660531
96662550
96702464
96719718
96729809
96730018
96752301
96762983
96765536
96786706
96797592
96798903
96806437
96812621
96817171
96819515
96821748
96830697
96833384
96852148
96856362
96870048
96875412
96879060
96901213
96909221
96911112
96919292
96948675
96953854
96964014
96971519
96979288
96980310
96981192
96991984
97006609
97016887
97032151
97033872
97040155
97045695
97047078
97065973
97076401
97097455
97099640
97106680
97121718
97132948
97144433
97154078
97160712
97171224
97172398
97181756
97182708
97184337
97197116
97199693
97214954
97219293
97231934
97253039
97279219
97292146
97297260
97308365
97321514
97323368
97328976
97329023
97340638
97350682
97373992
97388096
97394692
97400274
97402523
97410207
97422134
97427178
97434522
97436732
97438493
97444992
97447012
97450094
97460941
97475875
97476990
97490020
97490491
97491600
97504444
97511229
97527028
97539053
97543968
97546245
97556941
97557995
97558942
97587264
97588956
97607390
97612003
97615958
97619026
97619955
97630764
97632984
97644920
97673175
97673366
97673502
97675586
97687804
97701539
97712298
97714040
97720614
97730914
97732636
97734616
97750697
97767894
97775257
97779219
97785855
97790717
97801693
97803105
97841865
97849607
97853110
97857987
97862410
97867230
97892970
97898165
97898332
97919686
97922628
97929984
97931322
97944573
97951059
97953212
97954523
97963024
97963758
97981284
97986916
97987368
97988036
97991860
97999534
98003214
98007686
98014480
98026236
98035505
98042167
98071228
98090165
98115346
98126533
98128629
98129311
98161585
98163487
98170572
98189071
98198128
98200401
98206841
98218612
98222624
98237179
98243884
98258996
98262857
98268616
98287953
98305182
98314982
98330280
98332139
98333787
98358896
98362046
98371458
98388412
98389187
98390441
98393013
98407322
98416895
98434861
98441873
98443461
98445093
98460110
98467016
98497416
98503996
98524394
98524723
98544087
98552477
98573556
98588393
98597543
98607230
98610848
98616486
98623933
98643854
98645667
98655449
98656644
98657517
98661765
98672957
98690798
98697192
98701325
98709281
98718804
98724098
98741077
98746832
98779001
98780453
98818683
98829112
98831487
98832497
98833693
98836504
98839966
98860034
98872929
98873764
98881539
98886218
98890885
98921225
98938492
98939134
98941976
98943937
98944613
98945518
98976070
98981768
99011072
99014320
99017423
99023186
99032439
99041655
99050954
99059087
99060437
99070970
99073878
99079109
99087476
99094035
99103121
99115420
99118896
99119486
99125465
99133471
99179832
99191179
99196583
99252444
99281565
99282486
99305992
99325410
99327008
99328581
99330635
99334825
99340311
99341910
99363604
99383199
99390448
99391375
99403319
99422530
99450288
99451515
99468035
99486659
99501060
99504984
99519557
99523514
99523954
99535712
99545735
99547228
99554066
99557767
99572294
99594569
99594907
99600578
99602965
99602971
99604741
99604899
99614637
99614746
99659349
99667405
99672055
99674886
99686882
99696262
99707665
99708574
99717476
99718620
99741057
99743658
99745906
99751434
99751866
99755088
99771757
99776958
99787221
99814220
99820676
99821448
99821598
99848446
99874316
99875113
99884946
99887415
99890628
99898338
99898469
99913762
99920248
99922688
99926118
99943634
99957662
99963626
99965805
99974471
99980233
99991925
99992530
99994611
